# 0:NO Animation  1:왕복  2:반복  3:문열림   4:문열림상태   5:문닫힘   6:문닫힌상태
# 집을수있다 AnimationType Type   Dir  찍는방법 찍는순서 그림자 Light  Lightxy            DontBox            총그림수		
18054   0   1   6  1   1 0  1  0 0  -30   -20 0 0 -20 20 0 0 20     1  -60 -60 0 0   
19919   0   1   6  1   0 0  1  0 0  -30   -20 0 0 -20 20 0 0 20     1  0 0 0 0   
14209   0   1   6  1   0 0  1  0 0  -30   -20 0 0 -20 20 0 0 20     1  0 0 0 0   
18061   0   1   6  1   1 0  1  0 0  -30   -20 0 0 -20 20 0 0 20     1  -60 -60 0 0   
20545   0   1   6  1   0 0  1  0 0  -30   -20 0 0 -20 20 0 0 20     1  0 0 0 0   
13264   0   1   5  1   0 0  1  0 0  -30   -20 0 0 -20 20 0 0 20     3  0 0 0 0   0 0 0 0   0 0 0 0   
14010   0   1   6  1   0 0  1  0 0  -30   -20 0 0 -20 20 0 0 20     1  0 -20 0 0   
18062   0   1   6  1   2 0  1  0 0  -30   -20 0 0 -20 20 0 0 20     1  0 0 65 -69   
13263   0   1   5  1   0 0  1  0 0  -30   -20 0 0 -20 20 0 0 20     3  0 0 0 0   0 0 0 0   0 0 0 0   
13236   0   2   5  1   0 0  1  0 0  -30   -20 0 0 -20 20 0 0 20     3  0 0 0 0   0 0 0 0   0 0 0 0   
13229   0   1   5  1   0 0  1  0 0  -30   -20 0 0 -20 20 0 0 20     3  0 0 0 0   0 0 0 0   0 0 0 0   
13232   0   1   5  1   0 0  1  0 0  -30   -20 0 0 -20 20 0 0 20     3  0 0 0 0   0 0 0 0   0 0 0 0   
19152   0   2   5  1   0 0  1  0 0  -30   -20 0 0 -20 20 0 0 20     1  0 0 0 0   
13268   0   1   5  1   0 0  1  0 0  -30   -20 0 0 -20 20 0 0 20     3  0 0 0 0   0 0 0 0   0 0 0 0   
13267   0   1   5  1   0 0  1  0 0  -30   -20 0 0 -20 20 0 0 20     3  0 0 0 0   0 0 0 0   0 0 0 0   
13248   0   1   5  1   0 0  1  0 0  -30   -20 0 0 -20 20 0 0 20     3  0 0 0 0   0 0 0 0   0 0 0 0   
14406   0   1   6  1   0 0  1  15 0  -30   -20 0 0 -20 20 0 0 20     1  0 0 0 0   
19725   0   1   6  1   0 0  1  0 0  -30   -20 0 0 -20 20 0 0 20     1  0 0 0 0   
19722   0   1   6  1   0 0  1  0 0  -30   -20 0 0 -20 20 0 0 20     1  0 0 0 0   
19719   0   1   6  1   0 0  1  0 0  -30   -20 0 0 -20 20 0 0 20     1  0 0 0 0   
19724   0   1   6  1   0 0  1  0 0  -30   -20 0 0 -20 20 0 0 20     1  0 0 0 0   
19717   0   1   6  1   0 0  1  0 0  -30   -20 0 0 -20 20 0 0 20     1  0 0 0 0   
19723   0   1   6  1   0 0  1  0 0  -30   -20 0 0 -20 20 0 0 20     1  0 0 0 0   
19715   0   1   6  1   0 0  1  0 0  -30   -20 0 0 -20 20 0 0 20     1  0 0 0 0   
