# 0:NO Animation  1:왕복  2:반복  3:문열림   4:문열림상태   5:문닫힘   6:문닫힌상태
# 집을수있다 AnimationType Type   Dir  찍는방법 찍는순서 그림자 Light  Lightxy            DontBox            총그림수		
16535   0   1   5  1   0 0  1  0 0  -30   -20 0 0 -20 20 0 0 20     1  0 0 0 0   
16536   0   1   5  1   0 0  1  0 0  -30   -20 0 0 -20 20 0 0 20     1  0 0 0 0   
16300   0   1   5  1   0 0  1  0 0  -30   -20 0 0 -20 20 0 0 20     1  0 0 0 0   
16091   0   3   5  1   0 0  1  0 0  -30   -20 0 0 -20 20 0 0 20     9  0 0 0 0   0 0 0 0   0 0 0 0   0 0 0 0   0 0 0 0   0 0 0 0   0 0 0 0   0 0 0 0   0 0 0 0   
16082   0   1   5  1   0 0  1  0 0  -30   -20 0 0 -20 20 0 0 20     1  0 0 0 0   
16083   0   1   5  1   0 0  1  0 0  -30   -20 0 0 -20 20 0 0 20     1  0 0 0 0   
16081   0   6   4  1   0 0  1  0 0  -30   -20 0 0 -20 20 0 0 20     4  0 0 0 0   0 0 0 0   0 0 0 0   0 0 0 0   
16080   0   6   4  1   0 0  1  0 0  -30   -20 0 0 -20 20 0 0 20     4  0 0 0 0   0 0 0 0   0 0 0 0   0 0 0 0   
16079   0   6   4  1   0 0  1  0 0  -30   -20 0 0 -20 20 0 0 20     4  0 0 0 0   0 0 0 0   0 0 0 0   0 0 0 0   
16069   0   5   5  1   0 0  1  13 0  -30   -20 0 0 -20 20 0 0 20     7  0 0 0 0   0 0 0 0   0 0 0 0   0 0 0 0   0 0 0 0   0 0 0 0   0 0 0 0   
16049   0   1   5  1   0 0  1  0 0  -30   -20 0 0 -20 20 0 0 20     1  0 0 0 0   
16075   0   6   4  1   0 0  1  0 0  -30   -20 0 0 -20 20 0 0 20     5  0 0 0 0   0 0 0 0   0 0 0 0   0 0 0 0   0 0 0 0   
16076   0   6   4  1   0 0  1  0 0  -30   -20 0 0 -20 20 0 0 20     5  0 0 0 0   0 0 0 0   0 0 0 0   0 0 0 0   0 0 0 0   
