1	100	Wheat                        	1	밀                           	1	1	24	35	65	0	0	0	128	49	0	0	0	0	0	0	0	0	0	0	0	0	0	0	17	60
2	200	Barley                       	1	보리                         	0	1	24	5	35	0	0	0	0	49	0	0	0	0	0	0	0	0	0	0	0	0	0	0	20	75
3	300	Flower Seed                  	1	화초 씨앗                    	1	0	22	55	85	0	0	0	1128	0	0	0	0	0	0	0	0	0	0	0	0	0	0	0	15	50
4	400	Grape Seedling               	1	포도 묘목                    	1	0	22	65	95	0	0	0	1552	0	0	0	0	0	0	0	0	0	0	0	0	0	0	0	15	45
5	500	Wheat Seed                   	1	밀씨앗                       	1	1	22	35	65	0	0	0	432	0	0	0	0	0	0	0	0	0	0	0	0	0	0	0	17	60
6	600	Baley Seed                   	1	보리씨앗                     	0	1	22	5	35	0	0	0	0	0	0	0	0	0	0	0	0	0	0	0	0	0	0	0	20	75
7	700	Jinseng Seed                 	1	인삼 씨앗                    	1	1	22	85	115	0	0	0	3648	0	0	0	0	0	0	0	0	0	0	0	0	0	0	0	16	27
8	800	Siromi Seedling              	1	시로미 묘목                  	1	1	22	75	105	0	0	0	2260	0	0	0	0	0	0	0	0	0	0	0	0	0	0	0	16	33
9	900	Carrot                       	1	당근                         	1	1	24	15	45	0	0	0	104	49	0	0	0	0	0	0	0	0	0	0	0	0	0	0	19	70
10	1000	Cabbage                      	1	양배추                       	1	1	24	25	55	0	0	0	220	49	0	0	0	0	0	0	0	0	0	0	0	0	0	0	18	65
11	1100	Cabbage Seed                 	1	양배추 씨앗                  	1	1	22	25	55	0	0	0	220	0	0	0	0	0	0	0	0	0	0	0	0	0	0	0	18	65
12	1200	Carrot Seed                  	1	당근씨앗                     	1	1	22	15	45	0	0	0	104	0	0	0	0	0	0	0	0	0	0	0	0	0	0	0	19	70
13	1300	Millet                       	1	쌀                           	1	1	24	45	75	0	0	0	432	49	0	0	0	0	0	0	0	0	0	0	0	0	0	0	16	55
14	1400	Millet Seed                  	1	쌀씨앗                       	1	1	22	45	75	0	0	0	728	0	0	0	0	0	0	0	0	0	0	0	0	0	0	0	16	55
15	1500	Forbidden Fruits             	1	금단의 열매                  	1	0	24	95	125	0	0	0	5708	49	0	0	0	0	0	0	0	0	0	0	0	0	0	0	15	22
16	1600	Jinseng                      	1	인삼                         	1	1	24	85	115	0	0	0	3648	49	0	0	0	0	0	0	0	0	0	0	0	0	0	0	16	27
17	1700	Siromi                       	1	시로미                       	1	1	24	75	105	0	0	0	2260	49	0	0	0	0	0	0	0	0	0	0	0	0	0	0	16	33
18	1800	Flower                       	1	화초                         	1	0	24	55	85	0	0	0	1128	49	0	0	0	0	0	0	0	0	0	0	0	0	0	0	15	50
19	1900	Grape                        	1	포도                         	1	0	24	65	95	0	0	0	1552	49	0	0	0	0	0	0	0	0	0	0	0	0	0	0	15	45
20	2000	Forbidden Fruits             	1	금단의 열매 묘목             	1	0	22	95	125	0	0	0	5708	0	0	0	0	0	0	0	0	0	0	0	0	0	0	0	15	22
21	100100	Copper Ore                   	1	구리광석                     	0	2	26	5	35	0	0	0	0	50	0	0	0	0	0	0	0	0	0	0	0	0	0	0	20	75
22	100200	Iron ore                     	1	철광석                       	1	2	26	25	55	0	0	0	128	50	0	0	0	0	0	0	0	0	0	0	0	0	0	0	18	65
23	100300	Gold Ore                     	1	금광석                       	1	2	26	45	75	0	0	0	384	50	0	0	0	0	0	0	0	0	0	0	0	0	0	0	16	65
24	100400	Silver  Ore                  	1	은광석                       	1	2	26	35	65	0	0	0	188	50	0	0	0	0	0	0	0	0	0	0	0	0	0	0	17	65
25	100500	Quartz Ore                   	1	석영광석                     	0	2	26	5	35	0	0	0	0	50	0	0	0	0	0	0	0	0	0	0	0	0	0	0	20	75
26	100600	Copper Ingot                 	1	구리괴                       	0	2	27	5	35	0	0	0	0	0	0	100100	1	0	0	0	0	0	0	0	0	0	0	0	20	75
27	100700	Iron Ingot                   	1	철괴                         	1	2	27	25	55	0	0	0	256	0	0	100200	1	0	0	0	0	0	0	0	0	0	0	0	18	75
28	100800	Gold Ingot                   	1	금괴                         	1	2	27	45	75	0	0	0	956	0	0	100300	1	0	0	0	0	0	0	0	0	0	0	0	16	75
29	100900	Silver Ingot                 	1	은괴                         	1	2	27	35	65	0	0	0	432	0	0	100400	1	0	0	0	0	0	0	0	0	0	0	0	17	75
30	101000	Quartz Ingot                 	1	석영괴                       	0	2	27	5	35	0	0	0	0	0	0	100500	1	0	0	0	0	0	0	0	0	0	0	0	20	75
31	101100	Log                          	1	통나무                       	0	4	32	5	35	0	0	0	0	53	0	0	0	0	0	0	0	0	0	0	0	0	0	0	20	75
32	101200	Timber                       	1	통나무 목재 	0	4	33	5	35	0	0	0	0	54	0	101100	1	0	0	0	0	0	0	0	0	0	0	0	20	95
33	101300	Amber                        	1	호박                         	1	2	26	55	85	0	0	0	876	50	0	0	0	0	0	0	0	0	0	0	0	0	0	0	15	50
34	101400	Olivine                      	1	감람석                       	1	2	26	60	90	0	0	0	1128	50	0	0	0	0	0	0	0	0	0	0	0	0	0	0	15	47
35	101500	Garnet                       	1	석류석                       	1	2	26	65	95	0	0	0	1436	50	0	0	0	0	0	0	0	0	0	0	0	0	0	0	15	45
36	101600	Crystal                      	1	수정                         	1	2	26	70	100	0	0	0	1808	50	0	0	0	0	0	0	0	0	0	0	0	0	0	0	17	35
37	101700	Amethyst                     	1	자수정                       	1	2	26	75	105	0	0	0	2260	50	0	0	0	0	0	0	0	0	0	0	0	0	0	0	16	33
38	101800	Sapphire                     	1	사파이어                     	1	2	26	80	110	0	0	0	2820	50	0	0	0	0	0	0	0	0	0	0	0	0	0	0	16	30
39	101900	Emerald                      	1	에메랄드                     	1	2	26	85	115	0	0	0	3992	50	0	0	0	0	0	0	0	0	0	0	0	0	0	0	16	27
40	102000	Beryl                        	1	녹주석                       	1	2	26	90	120	0	0	0	5224	50	0	0	0	0	0	0	0	0	0	0	0	0	0	0	15	25
41	102100	Topaz                        	1	황옥                         	1	2	26	95	125	0	0	0	6824	50	0	0	0	0	0	0	0	0	0	0	0	0	0	0	15	22
42	102200	Diamond                      	1	다이아몬드                   	1	2	26	100	130	0	0	0	8920	50	0	0	0	0	0	0	0	0	0	0	0	0	0	0	15	20
43	102300	Nutmeg Log	1	비자나무	1	4	32	15	45	0	0	0	156	53	0	0	0	0	0	0	0	0	0	0	0	0	0	0	19	70
44	102400	Ligida Log	1	리기다나무	1	4	32	30	60	0	0	0	384	53	0	0	0	0	0	0	0	0	0	0	0	0	0	0	18	62
45	102500	Fir Log	1	구상나무	1	4	32	45	75	0	0	0	800	53	0	0	0	0	0	0	0	0	0	0	0	0	0	0	16	55
46	102600	Oak Log	1	상수리나무	1	4	32	55	85	0	0	0	1128	53	0	0	0	0	0	0	0	0	0	0	0	0	0	0	15	50
47	102700	Gerjeasu Log	1	거제수나무	1	4	32	70	100	0	0	0	1948	53	0	0	0	0	0	0	0	0	0	0	0	0	0	0	17	35
48	102800	Beech Log	1	너도밤나무	1	4	32	80	110	0	0	0	2820	53	0	0	0	0	0	0	0	0	0	0	0	0	0	0	16	30
49	102900	Whitebirch Log	1	자작나무 	1	4	32	95	125	0	0	0	5708	53	0	0	0	0	0	0	0	0	0	0	0	0	0	0	15	22
50	103000	Nutmeg Timber	1	비자나무 목재	1	4	33	15	45	0	0	0	256	54	0	102300	1	0	0	0	0	0	0	0	0	0	0	0	19	90
51	103100	Ligida Timber	1	리기다나무 목재	1	4	33	30	60	0	0	0	540	54	0	102400	1	0	0	0	0	0	0	0	0	0	0	0	18	85
52	103200	Fir Timber	1	구상나무 목재	1	4	33	45	75	0	0	0	1128	54	0	102500	1	0	0	0	0	0	0	0	0	0	0	0	16	85
53	103300	Oak Timber	1	상수리나무 목재	1	4	33	55	85	0	0	0	1552	54	0	102600	1	0	0	0	0	0	0	0	0	0	0	0	15	85
54	103400	Gerjeasu Timber	1	거제수나무 목재	1	4	33	70	100	0	0	0	2620	54	0	102700	1	0	0	0	0	0	0	0	0	0	0	0	17	85
55	103500	Beech Timber	1	너도밤나무 목재	1	4	33	80	110	0	0	0	3992	54	0	102800	1	0	0	0	0	0	0	0	0	0	0	0	16	85
56	103600	Whitebirch Timber	1	자작나무 목재	1	4	33	95	125	0	0	0	8156	54	0	102900	1	0	0	0	0	0	0	0	0	0	0	0	15	85
57	200100	<Basil>	1	<바질>	1	3	36	95	125	0	0	0	876	56	0	0	0	0	0	0	0	0	0	0	0	0	0	0	15	22
58	200200	<Dill>	1	<딜>	1	3	36	75	105	0	0	0	432	56	0	0	0	0	0	0	0	0	0	0	0	0	0	0	16	33
59	200300	<Fennel>	1	<팬넬>	1	3	36	35	65	0	0	0	188	56	0	0	0	0	0	0	0	0	0	0	0	0	0	0	17	60
60	200400	<Lavender>	1	<라벤더>	1	3	36	65	95	0	0	0	296	56	0	0	0	0	0	0	0	0	0	0	0	0	0	0	15	45
61	200500	<LemonBalm>	1	<레몬밤>	1	3	36	25	55	0	0	0	104	56	0	0	0	0	0	0	0	0	0	0	0	0	0	0	18	65
62	200600	<Mint>	1	<민트>	1	3	36	15	45	0	0	0	48	56	0	0	0	0	0	0	0	0	0	0	0	0	0	0	19	70
63	200700	<RoseMary>	1	<로즈메리>	1	3	36	45	75	0	0	0	188	56	0	0	0	0	0	0	0	0	0	0	0	0	0	0	16	55
64	200800	<Sage>	1	<세이지>	1	3	36	55	85	0	0	0	256	56	0	0	0	0	0	0	0	0	0	0	0	0	0	0	15	50
65	200900	<Thyme>	1	<타임>	0	3	36	5	35	0	0	0	0	56	0	0	0	0	0	0	0	0	0	0	0	0	0	0	20	75
66	201000	<Geranium>	1	<제라늄>	1	3	36	85	115	0	0	0	540	56	0	0	0	0	0	0	0	0	0	0	0	0	0	0	16	27
67	201100	<Basil Powder>	1	<바질 가루>	1	3	37	95	125	0	0	0	4364	57	0	200100	1	0	0	0	0	0	0	0	0	0	0	0	15	17
68	201200	<Dill Powder>	1	<딜 가루>	1	3	37	75	105	0	0	0	1808	57	0	200200	1	0	0	0	0	0	0	0	0	0	0	0	16	33
69	201300	<Fennel Powder>	1	<팬넬 가루>	1	3	37	35	65	0	0	0	800	57	0	200300	1	0	0	0	0	0	0	0	0	0	0	0	17	60
70	201400	<Lavender Powder>	1	<라벤더 가루>	1	3	37	65	95	0	0	0	1328	57	0	200400	1	0	0	0	0	0	0	0	0	0	0	0	15	45
71	201500	<LemonBalm Powder>	1	<레몬밤 가루>	1	3	37	25	55	0	0	0	540	57	0	200500	1	0	0	0	0	0	0	0	0	0	0	0	18	65
72	201600	<Mint Powder>	1	<민트 가루>	1	3	37	15	45	0	0	0	296	57	0	200600	1	0	0	0	0	0	0	0	0	0	0	0	19	70
73	201700	<RoseMary Powder>	1	<로즈메리 가루>	1	3	37	45	75	0	0	0	800	57	0	200700	1	0	0	0	0	0	0	0	0	0	0	0	16	55
74	201800	<Sage Powder>	1	<세이지 가루>	1	3	37	55	85	0	0	0	1128	57	0	200800	1	0	0	0	0	0	0	0	0	0	0	0	15	50
75	201900	<Thyme Powder>	1	<타임 가루>	0	3	37	5	35	0	0	0	0	57	0	200900	1	0	0	0	0	0	0	0	0	0	0	0	20	75
76	202000	<Geranium Powder>	1	<제라늄 가루>	1	3	37	85	115	0	0	0	2436	57	0	201000	1	0	0	0	0	0	0	0	0	0	0	0	16	27
77	202100	<특수약초>	1	<특수약초>	1	0	36	100	130	0	0	0	2436	56	0	0	0	0	0	0	0	0	0	0	0	0	0	0	15	20
78	202200	<특수약초가루>	1	<특수약초가루>	1	0	37	100	130	0	0	0	2436	57	0	202100	1	0	0	0	0	0	0	0	0	0	0	0	15	20
79	300100	<Beef>	1	<소고기>	0	12	34	5	35	0	0	0	0	55	0	0	0	0	0	0	0	0	0	0	0	0	0	0	20	75
80	300200	<Pork>	1	<돼지고기>	1	12	34	15	45	0	0	0	104	55	0	0	0	0	0	0	0	0	0	0	0	0	0	0	19	70
81	300300	<Fowl>	1	<닭고기>	0	12	34	5	35	0	0	0	0	55	0	0	0	0	0	0	0	0	0	0	0	0	0	0	20	75
82	300400	<Egg>	1	<달걀>	1	0	0	0	30	0	0	0	20	0	0	0	0	0	0	0	0	0	0	0	0	0	0	0	24	75
83	300500	<Wheat Dough>	1	<밀가루 반죽>	0	5	44	5	35	0	0	0	0	61	0	100	1	1001800	1	0	0	0	0	0	0	0	0	0	20	80
84	300600	<Coooked Rice>	1	<밥>	1	5	44	20	50	0	0	0	1552	61	0	1300	1	1003400	1	0	0	0	0	0	0	0	0	0	19	53
85	300700	<Bread>	1	<빵>	1	5	44	20	50	0	0	0	1436	61	0	300500	1	0	0	0	0	0	0	0	0	0	0	0	19	67
86	300800	<Sandwich>	1	<샌드위치>	1	0	0	0	30	0	0	0	0	0	0	0	0	0	0	0	0	0	0	0	0	0	0	0	24	75
87	300900	<Vegetable Soup>	1	<야채스프>	1	0	0	0	30	0	0	0	0	0	0	0	0	0	0	0	0	0	0	0	0	0	0	0	24	75
88	301000	<Beef Soup>	1	<소고기 스프>	1	5	44	25	55	0	0	0	1808	61	0	300100	2	1003400	1	1001800	1	0	0	0	0	0	0	0	18	65
89	301100	<Pan Cake>	1	<팬케익>	1	5	44	20	50	0	0	0	1676	61	0	300500	1	1003400	1	0	0	0	0	0	0	0	0	0	19	67
90	301200	<Bacon>	1	<베이컨>	0	5	44	5	35	0	0	0	0	61	0	300200	3	0	0	0	0	0	0	0	0	0	0	0	20	50
91	301300	<Hamberger>	1	<햄버거>	1	5	44	45	75	0	0	0	6244	61	0	300700	1	300100	1	1000	1	900	1	0	0	0	0	0	16	55
92	301400	<Meetball>	1	<미트볼>	1	5	44	25	55	0	0	0	2100	61	0	300200	2	1003400	1	900	1	0	0	0	0	0	0	0	18	38
93	301500	<Beef Steak>	1	<소고기 스테이크>	1	5	44	40	70	0	0	0	7464	61	0	300100	6	1003400	1	900	4	0	0	0	0	0	0	0	17	57
94	301600	Honey	1	꿀	1	0	0	0	30	0	0	0	64	0	0	0	0	0	0	0	0	0	0	0	0	0	0	0	24	75
95	301700	<Egg Fried>	1	<계란 후라이>	0	5	44	5	35	0	0	0	0	61	0	300400	1	0	0	0	0	0	0	0	0	0	0	0	20	75
96	301800	<Unknown Flesh>	1	<알수없는 고기덩어리>	0	12	34	5	35	0	0	0	0	55	0	0	0	0	0	0	0	0	0	0	0	0	0	0	20	75
97	301900	<Fried Rice>	1	<볶음밥>	1	5	44	45	75	0	0	0	7464	61	0	300600	1	300100	1	0	0	0	0	0	0	0	0	0	16	40
98	302000	<Chiken>	1	<치킨>	1	5	44	15	45	0	0	0	728	61	0	300300	1	0	0	0	0	0	0	0	0	0	0	0	19	70
99	302100	<Lollipops>	1	<막대사탕>	1	5	44	65	95	0	0	0	3992	61	0	301600	3	0	0	0	0	0	0	0	0	0	0	0	15	50
100	302200	Peppermint Candy	1	박하사탕	1	8	50	65	95	0	0	0	3992	0	0	301600	1	200600	2	0	0	0	0	0	0	0	0	0	15	50
101	302300	<Beer>	1	<맥주>	1	5	44	30	60	0	0	0	1808	61	0	200	1	1001800	1	0	0	0	0	0	0	0	0	0	18	62
102	302400	<Barley Cake>	1	<보리빵>	1	5	44	15	45	0	0	0	728	61	0	200	3	0	0	0	0	0	0	0	0	0	0	0	19	70
103	302500	<Pizza>	1	<피자>	1	5	44	35	65	0	0	0	4364	61	0	300500	2	300100	1	1000	1	0	0	0	0	0	0	0	17	60
104	302600	<Fish>	1	<생선>	0	11	28	5	35	0	0	0	0	52	0	0	0	0	0	0	0	0	0	0	0	0	0	0	20	75
105	302700	<Fish Steak>	1	<생선스테이크>	1	5	44	35	65	0	0	0	3992	61	0	302600	3	1003400	1	1000	1	900	1	0	0	0	0	0	17	60
106	302800	<생선>	1	<쭈꾸미>	1	11	28	15	45	0	0	0	156	52	0	0	0	0	0	0	0	0	0	0	0	0	0	0	19	70
107	302900	<생선>	1	<고등어>	1	11	28	25	55	0	0	0	384	52	0	0	0	0	0	0	0	0	0	0	0	0	0	0	18	65
108	303000	<생선>	1	<연어>	1	11	28	40	70	0	0	0	956	52	0	0	0	0	0	0	0	0	0	0	0	0	0	0	17	57
109	303100	<생선>	1	<옥돔>	1	11	28	55	85	0	0	0	2100	52	0	0	0	0	0	0	0	0	0	0	0	0	0	0	15	50
110	303200	<생선>	1	<뱀장어>	1	11	30	70	100	0	0	0	4776	69	0	0	0	0	0	0	0	0	0	0	0	0	0	0	17	35
111	303300	<생선>	1	<문어>	1	11	30	85	115	0	0	0	10664	69	0	0	0	0	0	0	0	0	0	0	0	0	0	0	16	27
112	303400	<생선>	1	<철갑상어>	1	11	30	95	125	0	0	0	12756	69	0	0	0	0	0	0	0	0	0	0	0	0	0	0	15	22
113	303500	<생선>	1	<훈제연어라이스>	1	0	44	50	80	0	0	0	11664	61	0	303000	1	300600	1	0	0	0	0	0	0	0	0	0	16	52
114	303600	<생선>	1	<시로미열매 빵>	1	0	44	55	85	0	0	0	18236	61	0	1700	1	300700	1	0	0	0	0	0	0	0	0	0	15	50
115	303700	<생선>	1	<옥돔스테이크>	1	0	44	60	90	0	0	0	18236	61	0	303100	1	1003400	3	1000	1	900	1	0	0	0	0	0	15	47
116	303800	<생선>	1	<시로미 라이스>	1	0	44	65	95	0	0	0	23828	61	0	1700	1	300600	1	0	0	0	0	0	0	0	0	0	15	45
117	303900	<생선>	1	<포도주>	1	0	44	70	100	0	0	0	28464	61	0	1900	3	1001800	1	0	0	0	0	0	0	0	0	0	17	35
118	304000	<생선>	1	<뱀장어 구이>	1	0	44	75	105	0	0	0	37132	61	0	303200	1	0	0	0	0	0	0	0	0	0	0	0	16	33
119	304100	<생선>	1	<철갑상어와 빵>	1	0	44	80	110	0	0	0	97436	61	0	303400	1	300700	1	0	0	0	0	0	0	0	0	0	16	18
120	304200	<생선>	1	<인삼을 넣은 스테이크>	1	0	44	85	115	0	0	0	97436	61	0	1600	3	300100	1	1003400	1	900	2	0	0	0	0	0	16	27
121	304300	<생선>	1	<문어숙회>	1	0	44	90	120	0	0	0	106324	61	0	303300	1	1003400	1	0	0	0	0	0	0	0	0	0	15	25
122	304400	<생선>	1	<힘의 빵>	1	0	44	100	130	0	0	0	126628	61	0	1500	3	300700	1	0	0	0	0	0	0	0	0	0	15	20
123	304500	<생선>	1	<건강의 만찬>	1	0	44	100	130	0	0	0	126628	61	0	1500	3	300100	1	1003400	1	900	1	0	0	0	0	0	15	20
124	304600	<생선>	1	<바람의 음료>	1	0	44	100	130	0	0	0	126628	61	0	1500	3	1001800	1	0	0	0	0	0	0	0	0	0	15	20
125	304700	<생선>	1	<생선요리>	1	0	44	100	130	0	0	0	340	61	0	0	0	0	0	0	0	0	0	0	0	0	0	0	15	20
126	304800	<생선>	1	<생선요리>	1	0	44	100	130	0	0	0	340	61	0	0	0	0	0	0	0	0	0	0	0	0	0	0	15	20
127	304900	<생선>	1	<생선요리>	1	0	44	100	130	0	0	0	340	61	0	0	0	0	0	0	0	0	0	0	0	0	0	0	15	20
128	305000	<생선>	1	<생선요리>	1	0	44	100	130	0	0	0	340	61	0	0	0	0	0	0	0	0	0	0	0	0	0	0	15	20
129	400100	<Small Healing Potion>	1	<작은 힐링포션>	0	8	50	5	35	0	0	0	0	0	0	201900	1	201600	0	1003500	1	0	0	0	0	0	0	0	20	80
130	400200	<Small Mana Potion>	1	<작은 마나포션>	1	8	50	10	40	0	0	0	340	0	0	201900	1	1003500	1	0	0	0	0	0	0	0	0	0	20	90
131	400300	<Full Healing Potion>	1	<풀 힐링포션>	1	8	50	70	100	0	0	0	13948	0	0	400900	1	201600	1	201200	1	1001900	1	0	0	0	0	0	17	40
132	400400	<Full mana Potion>	1	<풀 마나포션>	1	8	50	75	105	0	0	0	15252	0	0	401000	1	201500	2	201200	1	1001900	1	0	0	0	0	0	16	40
133	400500	<Recovery Potion>	1	<리커버리 포션>	1	8	50	40	70	0	0	0	4776	0	0	201900	3	201500	2	201600	2	1003500	1	0	0	0	0	0	17	57
134	400600	<Full Recovery Potion>	1	<풀 리커버리 포션>	1	8	50	80	110	0	0	0	40560	0	0	400500	2	201500	1	201600	1	201200	1	0	0	0	0	0	16	30
135	400700	<Midium Healing Potion>	1	<보통 힐링포션>	1	8	50	20	50	0	0	0	1808	0	0	201900	2	201600	1	1003500	1	0	0	0	0	0	0	0	19	67
136	400800	<Midium Mana Potion>	1	<보통 마나포션>	1	8	50	25	55	0	0	0	2260	0	0	201900	2	201500	1	1003500	1	0	0	0	0	0	0	0	18	65
137	400900	<Large Healing Potion>	1	<큰 힐링포션>	1	8	50	30	60	0	0	0	3336	0	0	400100	1	201600	2	0	0	0	0	0	0	0	0	0	18	62
138	401000	<Large Mana Potion>	1	<큰 마나포션>	1	8	50	35	65	0	0	0	2820	0	0	400200	1	201500	2	0	0	0	0	0	0	0	0	0	17	60
139	401100	<Half Healing Potion>	1	<하프 힐링포션>	1	8	50	45	75	0	0	0	7464	0	0	400700	1	201600	2	1001900	1	0	0	0	0	0	0	0	16	55
140	401200	<Half Mana Potion>	1	<하프 마나포션>	1	8	50	50	80	0	0	0	7464	0	0	400800	1	201500	2	1001900	1	0	0	0	0	0	0	0	16	52
141	401300	<Increase Resist Potion>	1	<저항력증가 포션>	1	0	50	65	95	0	0	0	40560	0	0	400500	1	201200	4	1001900	2	0	0	0	0	0	0	0	15	45
142	401400	<Anti Poison Potion>	1	<해독 포션>	1	0	50	60	90	0	0	0	31108	0	0	400500	1	201400	4	1001900	2	0	0	0	0	0	0	0	15	28
143	401500	<UnConfused Potion>	1	<혼란치료 포션>	1	0	50	55	85	0	0	0	28464	0	0	400500	1	201800	4	1001900	2	0	0	0	0	0	0	0	15	29
144	401600	<Anti Paralysis Potion>	1	<석화해제 포션 >	1	0	50	50	80	0	0	0	28464	0	0	400500	1	201300	4	1001900	2	0	0	0	0	0	0	0	16	31
145	401700	<Resist Up Potion>	1	<저항력상승 포션>	1	0	50	95	125	0	0	0	344112	0	0	400500	2	201200	3	1001900	1	0	0	0	0	0	0	0	15	22
146	401800	<Wisdom Potion>	1	<지혜의 포션>	1	0	50	100	130	0	0	0	488360	0	0	400500	2	202200	1	1001900	1	0	0	0	0	0	0	0	15	20
147	401900	<Intelligence Potion>	1	<지식의 포션>	1	0	50	100	130	0	0	0	488360	0	0	400500	2	202200	1	1001900	1	0	0	0	0	0	0	0	15	20
148	402000	<UNKNOWN>	1	<UNKNOWN>	1	0	50	100	130	0	0	0	7464	0	0	400500	2	202200	1	0	0	0	0	0	0	0	0	0	15	20
149	500100	<Shovel>	1	<삽>	1	0	0	0	30	0	0	0	800	0	0	0	0	0	0	0	0	0	0	0	0	0	0	0	24	75
150	500200	<Shovel for Cultivate>	1	<재배용삽>	1	0	0	0	30	0	0	0	800	0	0	0	0	0	0	0	0	0	0	0	0	0	0	0	24	75
151	500300	<Sickle>	1	<낫>	1	0	0	0	30	0	0	0	800	0	0	0	0	0	0	0	0	0	0	0	0	0	0	0	24	75
152	500400	<Pickaxe>	1	<곡괭이>	1	0	0	0	30	0	0	0	800	0	0	0	0	0	0	0	0	0	0	0	0	0	0	0	24	75
153	500500	<Fish Rod>	1	<낚시대>	1	0	0	0	30	0	0	0	800	0	0	0	0	0	0	0	0	0	0	0	0	0	0	0	24	75
154	500600	<Fisher's Knife>	1	<미끼 칼>	1	0	0	0	30	0	0	0	800	0	0	0	0	0	0	0	0	0	0	0	0	0	0	0	24	75
155	500700	<Net>	1	<그믈>	1	0	0	0	30	0	0	0	1328	0	0	0	0	0	0	0	0	0	0	0	0	0	0	0	24	75
156	500800	<Lumberjack's Axe>	1	<나무꾼도끼>	1	0	0	0	30	0	0	0	800	0	0	0	0	0	0	0	0	0	0	0	0	0	0	0	24	75
157	500900	<Saw>	1	<톱>	1	0	0	0	30	0	0	0	800	0	0	0	0	0	0	0	0	0	0	0	0	0	0	0	24	75
158	501000	<Butcher's Knife>	1	<도살자칼>	1	0	0	0	30	0	0	0	800	0	0	0	0	0	0	0	0	0	0	0	0	0	0	0	24	75
159	501100	<Weeding Hoe>	1	<호미>	1	0	0	0	30	0	0	0	800	0	0	0	0	0	0	0	0	0	0	0	0	0	0	0	24	75
160	501200	<Pestle&Mortar>	1	<막자와 사발>	1	0	0	0	30	0	0	0	800	0	0	0	0	0	0	0	0	0	0	0	0	0	0	0	24	75
161	501300	<Lord's Stick>	1	<목동 막대기>	1	0	0	0	30	0	0	0	800	0	0	0	0	0	0	0	0	0	0	0	0	0	0	0	24	75
162	501400	<Bucket>	1	<양동이>	1	0	0	0	30	0	0	0	800	0	0	0	0	0	0	0	0	0	0	0	0	0	0	0	24	75
163	501500	Bell	1	종	1	2	43	35	65	0	0	0	2260	60	0	100600	1	101000	1	0	0	0	0	0	0	0	0	0	17	50
164	501600	<Claw Hammer>	1	<장도리>	1	0	0	0	30	0	0	0	800	0	0	0	0	0	0	0	0	0	0	0	0	0	0	0	24	75
165	501700	<Hammer>	1	<망치>	1	0	0	0	30	0	0	0	800	0	0	0	0	0	0	0	0	0	0	0	0	0	0	0	24	75
166	501800	<Cooker>	1	<쿠커>	1	0	0	0	30	0	0	0	800	0	0	0	0	0	0	0	0	0	0	0	0	0	0	0	24	75
167	501900	<Scissor>	1	<가위>	1	0	0	0	30	0	0	0	800	0	0	0	0	0	0	0	0	0	0	0	0	0	0	0	24	75
168	502000	<Grind Knife>	1	<다듬이칼>	1	0	0	0	30	0	0	0	800	0	0	0	0	0	0	0	0	0	0	0	0	0	0	0	24	75
169	502100	<Guitar>	1	<기타>	1	7	48	65	95	0	0	0	4040	64	0	101200	2	1001500	1	0	0	0	0	0	0	0	0	0	15	50
170	502200	<Flute>	1	<피리>	1	0	0	0	30	0	0	0	2436	0	0	0	0	0	0	0	0	0	0	0	0	0	0	0	24	75
171	502300	<Trumpet>	1	<나팔>	1	0	0	0	30	0	0	0	1224	0	0	0	0	0	0	0	0	0	0	0	0	0	0	0	24	75
172	502400	<Ball for Fire>	1	<부싯돌>	1	0	0	0	30	0	0	0	296	0	0	0	0	0	0	0	0	0	0	0	0	0	0	0	24	75
173	502500	<Taming Stick>	1	<조련막대기>	1	0	0	0	30	0	0	0	0	0	0	0	0	0	0	0	0	0	0	0	0	0	0	0	24	75
174	502600	<Repair Kit>	1	<수리도구>	1	0	0	0	30	0	0	0	1552	0	0	0	0	0	0	0	0	0	0	0	0	0	0	0	24	75
175	502700	<Reutilize Kit>	1	<재활용도구>	1	0	0	0	30	0	0	0	1552	0	0	0	0	0	0	0	0	0	0	0	0	0	0	0	24	75
176	502800	<TOOL>	1	<도구>	1	0	0	0	30	0	0	0	1552	0	0	0	0	0	0	0	0	0	0	0	0	0	0	0	24	75
177	502900	<TOOL>	1	<도구>	1	0	0	0	30	0	0	0	1552	0	0	0	0	0	0	0	0	0	0	0	0	0	0	0	24	75
178	503000	<TOOL>	1	<도구>	1	0	0	0	30	0	0	0	1552	0	0	0	0	0	0	0	0	0	0	0	0	0	0	0	24	75
179	600100	Dagger                       	1	대거                         	0	2	43	5	35	0	0	0	0	60	0	100600	1	0	0	0	0	0	0	0	0	0	0	0	20	75
180	600200	Short Sword                  	1	쇼트 스워드                  	1	2	43	15	45	0	0	0	1552	60	0	100700	1	100600	1	0	0	0	0	0	0	0	0	0	19	70
181	600300	Long Sword                   	1	롱 스워드                    	1	2	43	20	50	0	0	0	2436	60	0	100700	2	100600	2	0	0	0	0	0	0	0	0	0	19	63
182	600400	Cleaver                      	1	클리버                       	1	2	43	10	40	0	0	0	1128	60	0	100600	4	0	0	0	0	0	0	0	0	0	0	0	20	72
183	600500	Falchion                     	1	팔치온                       	1	2	43	20	50	0	0	0	1948	60	0	100700	2	100600	1	0	0	0	0	0	0	0	0	0	19	67
184	600600	Rapier                       	1	레이피어                     	1	2	43	35	65	0	0	0	5708	60	0	100900	4	100700	1	0	0	0	0	0	0	0	0	0	17	58
185	600700	Broad Sword                  	1	브로드 스워드                	1	2	43	35	65	0	0	0	5224	60	0	100900	5	100700	1	0	0	0	0	0	0	0	0	0	17	40
186	600800	Estoc                        	1	에스터크                     	1	2	43	50	80	0	0	0	19936	60	0	103700	1	101400	4	0	0	0	0	0	0	0	0	0	16	52
187	600900	Bastard Sword                	1	바스타드 스워드              	1	2	43	40	70	0	0	0	9752	60	0	100800	4	100900	1	0	0	0	0	0	0	0	0	0	17	60
188	601000	Two Hand Sword               	1	투 핸드 스워드               	1	2	43	25	55	0	0	0	3336	60	0	100700	4	100600	2	0	0	0	0	0	0	0	0	0	18	65
189	601100	Soul Sword                    	1	소울 스워드                  	1	2	43	95	125	0	0	0	344112	60	0	103900	1	102100	2	0	0	0	0	0	0	0	0	0	15	22
190	601200	Glave                        	1	글레이브                     	1	2	43	20	50	0	0	0	1948	60	0	100700	2	100600	1	0	0	0	0	0	0	0	0	0	19	67
191	601300	Spear                        	1	스피어                       	1	2	43	15	45	0	0	0	1552	60	0	100700	1	100600	1	0	0	0	0	0	0	0	0	0	19	70
192	601400	Trident                      	1	트라이던트                   	1	2	43	55	85	0	0	0	26044	60	0	103700	2	101400	3	0	0	0	0	0	0	0	0	0	15	50
193	601500	Halberd                      	1	헐버드                       	1	2	43	45	75	0	0	0	13948	60	0	103700	1	100800	2	0	0	0	0	0	0	0	0	0	16	55
194	601600	Fauchard                     	1	포차드                       	1	2	43	35	65	0	0	0	7464	60	0	100800	3	100900	1	0	0	0	0	0	0	0	0	0	17	60
195	601700	Military Fork                	1	밀리타리 포크                	1	2	43	40	70	0	0	0	9752	60	0	100800	4	100900	1	0	0	0	0	0	0	0	0	0	17	57
196	601800	Axe                          	1	엑스                         	1	2	43	10	40	0	0	0	1676	60	0	100600	5	0	0	0	0	0	0	0	0	0	0	0	20	72
197	601900	Large Axe                    	1	라지 엑스                    	0	2	43	5	35	0	0	0	0	60	0	100600	3	0	0	0	0	0	0	0	0	0	0	0	20	75
198	602000	Broad Axe                    	1	브로드 엑스                  	1	2	43	35	65	0	0	0	6824	60	0	100800	2	100900	2	0	0	0	0	0	0	0	0	0	17	60
199	602100	War Axe                      	1	워 엑스                      	1	2	43	25	55	0	0	0	3336	60	0	100700	4	100600	2	0	0	0	0	0	0	0	0	0	18	65
200	602200	Battle Axe                   	1	배틀 엑스                    	1	2	43	40	70	0	0	0	8920	60	0	100800	3	100900	2	0	0	0	0	0	0	0	0	0	17	57
201	602300	Large Battle Axe             	1	라지 배틀 엑스               	1	2	43	15	45	0	0	0	1808	60	0	100700	1	100600	2	0	0	0	0	0	0	0	0	0	19	70
202	602400	Short Staff                  	1	쇼트 스태프                  	0	4	42	5	35	0	0	0	0	59	0	101200	1	0	0	0	0	0	0	0	0	0	0	0	20	75
203	602500	Long Staff                   	1	롱 스태프                    	1	4	42	20	50	0	0	0	1808	59	0	103000	2	101200	2	0	0	0	0	0	0	0	0	0	19	67
204	602600	Quarter Staff                	1	쿼터 스태프                  	1	4	42	45	75	0	0	0	12756	59	0	104000	1	103100	1	0	0	0	0	0	0	0	0	0	16	55
205	602700	War Staff                    	1	워 스태프                    	1	0	0	0	30	0	0	0	3336	0	0	0	0	0	0	0	0	0	0	0	0	0	0	0	24	75
206	602800	Short Bow                    	1	쇼트 보우                    	0	7	48	5	35	0	0	0	0	64	0	101200	3	1001500	1	0	0	0	0	0	0	0	0	0	20	75
207	602900	Long Bow                     	1	롱 보우                      	1	7	48	10	40	0	0	0	956	64	0	101200	4	1001500	1	0	0	0	0	0	0	0	0	0	20	72
208	603000	War Bow                      	1	워 보우                      	1	7	48	15	45	0	0	0	1436	64	0	103000	1	1001500	1	101200	2	0	0	0	0	0	0	0	19	70
209	603100	Cross Bow                    	1	크로스 보우                  	1	7	48	25	55	0	0	0	2620	64	0	103000	3	1001500	1	101200	2	0	0	0	0	0	0	0	18	65
210	603200	Heavy Cross Bow              	1	헤비 크로스 보우             	1	7	48	35	65	0	0	0	5224	64	0	103100	2	1001500	1	103000	1	0	0	0	0	0	0	0	17	60
211	603300	Handreke's Staff             	1	핸드레이크 스테프            	1	0	42	100	130	0	0	0	434340	59	0	104100	1	103600	1	103500	2	0	0	0	0	0	0	0	15	20
212	603400	Shivering Staff              	1	쉬버링 스태프                	1	4	42	99	129	0	0	0	488360	59	0	104100	2	103600	1	0	0	0	0	0	0	0	0	0	15	20
213	603500	Mace                         	1	메이스                       	1	2	43	10	40	0	0	0	1552	60	0	100600	4	0	0	0	0	0	0	0	0	0	0	0	20	72
214	603600	War Mace                     	1	워 메이스                    	1	2	43	20	50	0	0	0	2436	60	0	100700	2	100600	2	0	0	0	0	0	0	0	0	0	19	67
215	603700	Orc Power Gauntlet	1	오크파워건틀렛	1	0	0	0	30	0	0	0	323416	0	0	100700	1	100800	1	101300	1	0	0	0	0	0	0	0	24	75
216	603800	War Hammer                   	1	워 해머                      	1	2	43	20	50	0	0	0	2100	60	0	100700	2	100600	1	0	0	0	0	0	0	0	0	0	19	67
217	603900	Flail                        	1	플레일                       	1	2	43	70	100	0	0	0	68708	60	0	103800	1	101700	1	0	0	0	0	0	0	0	0	0	17	35
218	604000	Mornig Star                  	1	모닝 스타                    	1	2	43	55	85	0	0	0	23828	60	0	103700	2	101400	2	0	0	0	0	0	0	0	0	0	15	50
219	604100	Sylph Power  Bow           	1	실프스 파워 보우          	1	7	48	90	120	0	0	0	258828	64	0	104500	1	1001500	1	103400	2	0	0	0	0	0	0	0	15	25
220	604200	Dragon Slayer sword          	1	드래곤 슬레이어 스워드       	1	2	43	99	129	0	0	0	488360	60	0	103900	2	102200	1	0	0	0	0	0	0	0	0	0	15	20
221	604300	Cupid's bow	1	큐피트 보우	1	7	48	60	90	0	0	0	33984	64	0	104300	2	1001500	1	103200	2	0	0	0	0	0	0	0	15	47
222	604400	Hunter's Bow	1	헌터스 보우	1	7	48	70	100	0	0	0	74984	64	0	104400	1	1001500	1	103300	2	0	0	0	0	0	0	0	17	35
223	604500	Chaser Bow	1	체이서 보우	1	7	48	80	110	0	0	0	126628	64	0	104400	2	1001500	1	103300	2	0	0	0	0	0	0	0	16	30
224	604600	Rod                          	1	로드                         	1	4	42	10	40	0	0	0	956	59	0	101200	4	0	0	0	0	0	0	0	0	0	0	0	20	72
225	604700	Main Gaushe                  	1	망고슈                       	1	2	43	80	110	0	0	0	150928	60	0	103800	2	101900	1	0	0	0	0	0	0	0	0	0	16	30
226	604800	Khopesh                      	1	코페시                       	1	2	43	35	65	0	0	0	7464	60	0	100800	3	100900	1	0	0	0	0	0	0	0	0	0	17	60
227	604900	Claymore                     	1	클레이모어                   	1	2	43	60	90	0	0	0	37132	60	0	103700	3	101500	1	0	0	0	0	0	0	0	0	0	15	47
228	605000	Hellfire Gauntlet	1	헬파이어건틀렛	1	6	47	99	129	0	0	0	488360	58	0	1003600	2	1000800	3	0	0	0	0	0	0	0	0	0	15	20
229	605100	Huge Axe                     	1	휴즈액스                     	1	2	43	65	95	0	0	0	48380	60	0	103800	1	101600	1	0	0	0	0	0	0	0	0	0	15	45
230	605200	Battle Crossbow              	1	배틀 크로스 보우             	1	7	48	35	65	0	0	0	6244	64	0	103100	2	1001500	1	103100	1	0	0	0	0	0	0	0	17	60
231	605300	Astra                        	1	아스트라                     	1	7	48	20	50	0	0	0	1808	64	0	103000	2	1001500	1	101200	2	0	0	0	0	0	0	0	19	67
232	605400	Carus                        	1	카루스                       	1	7	48	30	60	0	0	0	3336	64	0	103100	1	1001500	1	103000	2	0	0	0	0	0	0	0	18	62
233	605500	Cranequin                    	1	크레인쿠인                   	1	7	48	45	75	0	0	0	13948	64	0	104300	1	1001500	1	103100	2	0	0	0	0	0	0	0	16	55
234	605600	Dokyu                        	1	도큐                         	1	7	48	65	95	0	0	0	44300	64	0	104400	1	1001500	1	103200	1	0	0	0	0	0	0	0	15	45
235	605700	Gamidion                     	1	가미디온                     	1	7	48	55	85	0	0	0	23828	64	0	104300	1	1001500	1	103200	3	0	0	0	0	0	0	0	15	50
236	605800	Sephiroth                    	1	세피로스                     	1	7	48	85	115	0	0	0	196956	64	0	104500	1	1001500	1	103400	1	0	0	0	0	0	0	0	16	27
237	605900	Walkure                      	1	왈큐레                       	1	7	48	75	105	0	0	0	97436	64	0	104400	1	1001500	1	103300	3	0	0	0	0	0	0	0	16	33
238	606000	Shyphido                     	1	실피드                       	1	7	48	95	125	0	0	0	344112	64	0	104500	1	1001500	1	103500	2	0	0	0	0	0	0	0	15	22
239	606100	Giant Sword                  	1	자이언트소드                 	1	2	43	50	80	0	0	0	19936	60	0	103700	1	101400	4	0	0	0	0	0	0	0	0	0	16	52
240	606200	Small Hammer                 	1	스몰 해머                    	0	2	43	5	35	0	0	0	0	60	0	100600	3	0	0	0	0	0	0	0	0	0	0	0	20	75
241	606300	Hammer                       	1	해머                         	1	2	43	10	40	0	0	0	1328	60	0	100600	4	0	0	0	0	0	0	0	0	0	0	0	20	72
242	606400	Large Hammer                 	1	라지 해머                    	1	2	43	15	45	0	0	0	1808	60	0	100700	1	100600	1	0	0	0	0	0	0	0	0	0	19	70
243	606500	Large Mace                   	1	라지메이스                   	1	2	43	15	45	0	0	0	1948	60	0	100700	2	100600	1	0	0	0	0	0	0	0	0	0	19	70
244	606600	Bluetooth                    	1	불루투스                     	1	2	43	75	105	0	0	0	106324	60	0	103800	1	101900	3	0	0	0	0	0	0	0	0	0	16	33
245	606700	Pike                         	1	파이크                       	0	2	43	5	35	0	0	0	0	60	0	100600	3	101200	1	0	0	0	0	0	0	0	0	0	20	75
246	606800	Gladius                      	1	글라디우스                   	1	2	43	35	65	0	0	0	7464	60	0	100800	3	100900	1	0	0	0	0	0	0	0	0	0	17	60
247	606900	Ain Soph                     	1	아인소프                     	1	2	43	70	100	0	0	0	74984	60	0	103800	1	101700	2	0	0	0	0	0	0	0	0	0	17	35
248	607000	Aisoyimstan                  	1	아이소임스탄                 	1	2	43	85	115	0	0	0	196956	60	0	103900	1	102000	1	0	0	0	0	0	0	0	0	0	16	27
249	607100	Armaiti                      	1	아르마이티                   	1	2	43	80	110	0	0	0	138228	60	0	103800	2	101900	1	0	0	0	0	0	0	0	0	0	16	30
250	607200	Damascus                     	1	다마스커스                   	1	2	43	60	90	0	0	0	33984	60	0	103700	3	101500	1	0	0	0	0	0	0	0	0	0	15	47
251	607300	Eeps                         	1	입스                         	1	2	43	75	105	0	0	0	106324	60	0	103800	1	101900	3	0	0	0	0	0	0	0	0	0	16	33
252	607400	Great Axe                    	1	그레이트액스                 	1	2	43	40	70	0	0	0	10664	60	0	100800	4	100900	1	0	0	0	0	0	0	0	0	0	17	40
253	607500	Giant Axe                    	1	자이언트액스                 	1	2	43	50	80	0	0	0	19936	60	0	103700	1	101400	4	0	0	0	0	0	0	0	0	0	16	52
254	607600	Dirk                         	1	더크                         	0	2	43	5	35	0	0	0	0	60	0	100600	3	0	0	0	0	0	0	0	0	0	0	0	20	75
255	607700	Sabre                        	1	세이버                       	1	2	43	25	55	0	0	0	2620	60	0	100700	4	100600	1	0	0	0	0	0	0	0	0	0	18	65
256	607800	Lance                        	1	랜스                         	1	2	43	30	60	0	0	0	4776	60	0	100900	4	100700	2	0	0	0	0	0	0	0	0	0	18	62
257	607900	Battle Glave                 	1	배틀글레이브                 	1	2	43	50	80	0	0	0	18236	60	0	103700	1	101400	4	0	0	0	0	0	0	0	0	0	16	52
258	608000	Long Axe                     	1	롱액스                       	1	2	43	35	65	0	0	0	5708	60	0	100900	4	100700	1	0	0	0	0	0	0	0	0	0	17	58
259	608100	Mammoth Trident              	1	매머드트라이던트             	1	2	43	80	110	0	0	0	138228	60	0	103800	2	101900	1	0	0	0	0	0	0	0	0	0	16	30
260	608200	Small Axe                    	1	스몰액스                     	0	2	43	5	35	0	0	0	0	60	0	100600	3	0	0	0	0	0	0	0	0	0	0	0	20	75
261	608300	Fight Hammer                 	1	파이트해머                   	1	2	43	25	55	0	0	0	3336	60	0	100900	2	100700	3	0	0	0	0	0	0	0	0	0	18	65
262	608400	Heavy Hammer                 	1	헤비 해머                    	1	2	43	35	65	0	0	0	5224	60	0	100900	5	100700	1	0	0	0	0	0	0	0	0	0	17	60
263	608500	Battle Hammer                	1	배틀해머                     	1	2	43	40	70	0	0	0	9752	60	0	100800	4	100900	1	0	0	0	0	0	0	0	0	0	17	57
264	608600	Great Hammer                 	1	그레이트해머                 	1	2	43	50	80	0	0	0	18236	60	0	103700	1	101400	4	0	0	0	0	0	0	0	0	0	16	52
265	608700	Giant Hammer                 	1	자이언트해머                 	1	2	43	60	90	0	0	0	33984	60	0	103700	3	101500	1	0	0	0	0	0	0	0	0	0	15	47
266	608800	Mammoth Hammer               	1	매머드해머                   	1	2	43	70	100	0	0	0	74984	60	0	103800	1	101700	2	0	0	0	0	0	0	0	0	0	17	35
267	608900	Wand                         	1	완드                         	1	4	42	10	40	0	0	0	1128	59	0	101200	5	0	0	0	0	0	0	0	0	0	0	0	20	72
268	609000	Long Wand                    	1	롱완드                       	1	4	42	15	45	0	0	0	1676	59	0	103000	2	101200	1	0	0	0	0	0	0	0	0	0	19	70
269	609100	Long Rod                     	1	롱로드                       	1	4	42	15	45	0	0	0	1328	59	0	103000	1	101200	2	0	0	0	0	0	0	0	0	0	19	70
270	609200	Fight Staff                  	1	파이트스태프                 	1	4	42	35	65	0	0	0	4776	59	0	103100	2	103000	1	0	0	0	0	0	0	0	0	0	17	60
271	609300	War Rod                      	1	워 로드                      	1	4	42	25	55	0	0	0	2260	59	0	103000	3	101200	2	0	0	0	0	0	0	0	0	0	18	65
272	609400	War Staff                    	1	워스태프                     	1	4	42	30	60	0	0	0	3336	59	0	103100	1	103000	2	0	0	0	0	0	0	0	0	0	18	62
273	609500	Giant Rod                    	1	자이언트로드                 	1	4	42	35	65	0	0	0	6244	59	0	103100	3	103000	1	0	0	0	0	0	0	0	0	0	17	60
274	609600	Giant Staff                  	1	자이언트스태프               	1	4	42	40	70	0	0	0	8920	59	0	103100	4	103000	2	0	0	0	0	0	0	0	0	0	17	57
275	609700	Fight Mace                   	1	파이트메이스                 	1	2	43	30	60	0	0	0	3648	60	0	100900	3	100700	1	0	0	0	0	0	0	0	0	0	18	62
276	609800	Battle Mace                  	1	배틀메이스                   	1	2	43	45	75	0	0	0	12756	60	0	103700	1	100900	3	0	0	0	0	0	0	0	0	0	16	54
277	609900	Great Mace                   	1	그레이트메이스               	1	2	43	55	85	0	0	0	26044	60	0	103700	2	101400	3	0	0	0	0	0	0	0	0	0	15	50
278	610000	Giant Mace                   	1	자이언트메이스               	1	2	43	65	95	0	0	0	40560	60	0	103800	1	0	0	0	0	0	0	0	0	0	0	0	15	45
279	610100	Mammoth Mace                 	1	매머드메이스                 	1	2	43	75	105	0	0	0	97436	60	0	103800	1	101900	2	0	0	0	0	0	0	0	0	0	16	33
280	610200	Ameritat                     	1	아메리타트                   	1	2	43	90	120	0	0	0	236032	60	0	103900	1	102000	1	0	0	0	0	0	0	0	0	0	15	25
281	610300	Anubis                       	1	아누비스                     	1	2	43	85	115	0	0	0	180136	60	0	103900	1	101900	1	0	0	0	0	0	0	0	0	0	16	27
282	610400	Apophis                      	1	아포피스                     	1	2	43	85	115	0	0	0	196956	60	0	103900	1	102000	1	0	0	0	0	0	0	0	0	0	16	27
283	610500	Behemoth                     	1	베헤모스                     	1	2	43	60	90	0	0	0	37132	60	0	103700	3	101500	1	0	0	0	0	0	0	0	0	0	15	47
284	610600	Big bad wolf                 	1	빅배드울프                   	1	2	43	65	95	0	0	0	48380	60	0	103800	1	101600	1	0	0	0	0	0	0	0	0	0	15	45
285	610700	Cyclops                      	1	사이클롭스                   	1	2	43	90	120	0	0	0	258828	60	0	103900	1	102100	1	0	0	0	0	0	0	0	0	0	15	25
286	610800	Dragon Heat                  	1	드래곤 히트                  	1	2	43	95	125	0	0	0	344112	60	0	103900	1	102100	2	0	0	0	0	0	0	0	0	0	15	22
287	610900	Lapis exilis                 	1	라피스 엑실리스              	1	2	43	80	110	0	0	0	138228	60	0	103800	2	101900	1	0	0	0	0	0	0	0	0	0	16	30
288	611000	Mjollnir                     	1	묘닐                         	1	2	43	80	110	0	0	0	126628	60	0	103800	2	101700	1	0	0	0	0	0	0	0	0	0	16	30
289	611100	Symplegades                  	1	심플레가이데스               	1	2	43	95	125	0	0	0	305032	60	0	103900	1	102100	1	0	0	0	0	0	0	0	0	0	15	22
290	611200	Asha                         	1	아샤                         	1	2	43	25	55	0	0	0	2620	60	0	100700	4	100600	1	0	0	0	0	0	0	0	0	0	18	65
291	611300	Giallar                      	1	기알라르                     	1	2	43	35	65	0	0	0	5224	60	0	100900	5	100700	1	0	0	0	0	0	0	0	0	0	17	60
292	611400	Gungnir                      	1	궁그닐                       	1	2	43	45	75	0	0	0	13948	60	0	103700	1	100800	2	0	0	0	0	0	0	0	0	0	16	55
293	611500	Longuinus                    	1	롱기누스의 창                	1	2	43	70	100	0	0	0	74984	60	0	103800	1	101700	2	0	0	0	0	0	0	0	0	0	17	35
294	611600	Lug                          	1	러그                         	1	2	43	30	60	0	0	0	3648	60	0	100900	3	100700	1	0	0	0	0	0	0	0	0	0	18	62
295	611700	Sickle                       	1	시클                         	1	2	43	25	55	0	0	0	3336	60	0	100700	4	100600	2	0	0	0	0	0	0	0	0	0	18	65
296	611800	Grand Storm                  	1	그랜드스톰                   	1	4	42	70	100	0	0	0	74984	59	0	104100	1	103200	2	0	0	0	0	0	0	0	0	0	17	35
297	611900	Gridabor                     	1	그리다보르                   	1	4	42	55	85	0	0	0	23828	59	0	104000	1	103200	4	0	0	0	0	0	0	0	0	0	15	50
298	612000	Ku                           	1	쿠                           	1	4	42	60	90	0	0	0	31108	59	0	104000	2	103200	2	0	0	0	0	0	0	0	0	0	15	47
299	612100	Staff of Charon              	1	카론의 지팡이                	1	4	42	65	95	0	0	0	44300	59	0	104100	1	103200	1	0	0	0	0	0	0	0	0	0	15	45
300	612200	Wisewish                     	1	와이즈위시                   	1	4	42	50	80	0	0	0	16680	59	0	104000	1	103100	3	0	0	0	0	0	0	0	0	0	16	52
301	612300	Agares                       	1	아가레스                     	1	2	43	40	70	0	0	0	8920	60	0	100800	3	100900	2	0	0	0	0	0	0	0	0	0	17	57
302	612400	Brontes                      	1	브론테스                     	1	2	43	65	95	0	0	0	48380	60	0	103800	1	101600	1	0	0	0	0	0	0	0	0	0	15	45
303	612500	Corum                        	1	코룸                         	1	2	43	65	95	0	0	0	40560	60	0	103800	1	0	0	0	0	0	0	0	0	0	0	0	15	45
304	612600	Curtana                      	1	쿠르타나                     	1	2	43	30	60	0	0	0	3648	60	0	100900	3	100700	1	0	0	0	0	0	0	0	0	0	18	62
305	612700	Ereshikigal                  	1	에레쉬키갈                   	1	2	43	30	60	0	0	0	4776	60	0	100900	4	100700	2	0	0	0	0	0	0	0	0	0	18	62
306	612800	Excalibur                    	1	엑스칼리버                   	1	2	43	90	120	0	0	0	258828	60	0	103900	1	102100	1	0	0	0	0	0	0	0	0	0	15	25
307	612900	Nagakal                      	1	나카갈                       	1	2	43	35	65	0	0	0	6824	60	0	100800	2	100900	2	0	0	0	0	0	0	0	0	0	17	60
308	613000	Ophion                       	1	오피온                       	1	2	43	50	80	0	0	0	18236	60	0	103700	1	101400	4	0	0	0	0	0	0	0	0	0	16	52
309	613100	Prim Blade                   	1	프림블레이드                 	1	2	43	45	75	0	0	0	13948	60	0	103700	1	100800	2	0	0	0	0	0	0	0	0	0	16	55
310	613200	Radiance Sword               	1	빛의 검                      	1	2	43	90	120	0	0	0	273052	60	0	103900	1	102100	1	0	0	0	0	0	0	0	0	0	15	25
311	613300	Valkyrjar                    	1	발키리                       	1	2	43	55	85	0	0	0	23828	60	0	103700	2	101400	2	0	0	0	0	0	0	0	0	0	15	50
312	613400	Leogryph                     	1	레오그리프                   	1	2	43	55	85	0	0	0	26044	60	0	103700	2	101400	3	0	0	0	0	0	0	0	0	0	15	50
313	613500	Extra Sword                  	1	엑스트라 스워드              	1	2	43	50	80	0	0	0	16680	60	0	103700	1	101400	3	0	0	0	0	0	0	0	0	0	16	52
314	613600	kein staff                   	1	케인 스태프                  	1	4	42	90	120	0	0	0	258828	59	0	104100	1	103400	2	0	0	0	0	0	0	0	0	0	15	25
315	613700	Great Sword                  	1	그레이트소드                 	1	2	43	80	110	0	0	0	150928	60	0	103800	2	101900	1	0	0	0	0	0	0	0	0	0	16	30
316	613800	Javelin                      	1	자벨린                       	1	2	43	10	40	0	0	0	1128	60	0	100600	3	101200	1	0	0	0	0	0	0	0	0	0	20	72
317	613900	Great bow                    	1	그레이트 보우                	1	7	48	50	80	0	0	0	16680	64	0	104300	1	1001500	1	103100	3	0	0	0	0	0	0	0	16	52
318	614000	Giant bow                    	1	자이언트 보우                	1	7	48	40	70	0	0	0	8920	64	0	103100	4	1001500	1	103000	2	0	0	0	0	0	0	0	17	57
319	614100	Fencing                      	1	펜싱검                       	0	2	43	5	35	0	0	0	0	60	0	100600	3	0	0	0	0	0	0	0	0	0	0	0	20	75
320	614200	Double Dager                 	1	더블 대거                    	0	2	43	5	35	0	0	0	0	60	0	100600	3	0	0	0	0	0	0	0	0	0	0	0	20	75
321	614300	Guantlet                     	1	건틀렛                       	0	6	47	5	35	0	0	0	0	58	0	1000100	2	1001500	1	0	0	0	0	0	0	0	0	0	20	75
322	614400	Ogre Power Gauntlet          	1	오거파워 건틀렛              	1	0	0	0	0	0	0	0	488360	0	0	1000200	1	1000400	1	0	0	0	0	0	0	0	0	0	24	75
323	614500	Heart Breaker                	1	하트브레이커                 	1	6	47	55	85	0	0	0	21796	58	0	1001200	2	1000400	3	0	0	0	0	0	0	0	0	0	15	50
324	614600	Leather Glove                	1	레더글로브                   	1	6	47	10	40	0	0	0	800	58	0	1000100	2	1001500	2	0	0	0	0	0	0	0	0	0	20	72
325	614700	Studded Leather Glove        	1	스터디드레더 글로브          	1	6	47	20	50	0	0	0	1436	58	0	1000100	3	1001500	3	0	0	0	0	0	0	0	0	0	19	67
326	614800	Cestus                       	1	세스터스                     	1	6	47	40	70	0	0	0	6244	58	0	1000300	5	1000200	1	0	0	0	0	0	0	0	0	0	17	57
327	614900	Chain Glove                  	1	체인글로브                   	1	6	47	25	55	0	0	0	1948	58	0	1000200	3	1001500	2	0	0	0	0	0	0	0	0	0	18	65
328	615000	War Glove                    	1	워 글로브                    	1	6	47	30	60	0	0	0	2436	58	0	1000200	3	1001500	3	0	0	0	0	0	0	0	0	0	18	62
329	615100	Light Gauntlet               	1	라이트 건틀릿                	1	6	47	15	45	0	0	0	1040	58	0	1000100	3	1001500	2	0	0	0	0	0	0	0	0	0	19	70
330	615200	Heavy Gauntlet               	1	헤비 건틀릿                  	1	6	47	35	65	0	0	0	3648	58	0	1000300	3	1000200	2	0	0	0	0	0	0	0	0	0	17	60
331	615300	Battle Gauntlet              	1	배틀 건틀릿                  	1	6	47	35	65	0	0	0	5224	58	0	1000300	4	1000200	2	0	0	0	0	0	0	0	0	0	17	59
332	615400	Vigorous                     	1	비거러스                     	1	6	47	45	75	0	0	0	10664	58	0	1001200	1	1000400	1	0	0	0	0	0	0	0	0	0	16	55
333	615500	Megingort                    	1	메긴교르트                   	1	6	47	55	85	0	0	0	28464	58	0	1001200	3	1000500	1	0	0	0	0	0	0	0	0	0	15	50
334	615600	Full Plate Gauntlet          	1	풀 플레이트 건틀릿           	1	6	47	50	80	0	0	0	15252	58	0	1001200	1	1000400	4	0	0	0	0	0	0	0	0	0	16	52
335	615700	Turk                         	1	터크                         	1	2	43	25	55	0	0	0	3336	60	0	100700	4	100600	2	0	0	0	0	0	0	0	0	0	18	65
336	615800	Efee                         	1	에페                         	1	2	43	70	100	0	0	0	81832	60	0	103800	1	101700	2	0	0	0	0	0	0	0	0	0	17	35
337	615900	Fleuret                      	1	플러레                       	1	2	43	15	45	0	0	0	1808	60	0	100700	1	100600	2	0	0	0	0	0	0	0	0	0	19	70
338	616000	Doubleblade axe              	1	더블블레디드 액스            	1	2	43	70	100	0	0	0	81832	60	0	103800	1	101700	2	0	0	0	0	0	0	0	0	0	17	35
339	616100	Bullova                      	1	부로바                       	1	2	43	80	110	0	0	0	150928	60	0	103800	2	101900	1	0	0	0	0	0	0	0	0	0	16	30
340	616200	DragonSlayer Spear           	1	드래곤슬레이어스피어         	1	2	43	99	129	0	0	0	488360	60	0	103900	2	102200	1	0	0	0	0	0	0	0	0	0	15	20
341	616300	M4U Sword                    	1	M4U 검                       	1	0	0	5	35	0	0	0	956	0	0	0	0	0	0	0	0	0	0	0	0	0	0	0	20	75
342	616400	Holy Rod                     	1	홀리 로드                    	1	4	42	75	105	0	0	0	97436	59	0	104100	1	103300	3	0	0	0	0	0	0	0	0	0	16	33
343	616500	Holy Staff                   	1	홀리 스태프                  	1	4	42	80	110	0	0	0	138228	59	0	104100	2	103300	2	0	0	0	0	0	0	0	0	0	16	30
344	616600	Staff of Devil               	1	악마의 지팡이                	1	4	42	85	115	0	0	0	196956	59	0	104100	1	103400	1	0	0	0	0	0	0	0	0	0	16	27
345	616700	Staff of Angel               	1	천사의 지팡이                	1	4	42	95	125	0	0	0	344112	59	0	104100	1	103500	2	0	0	0	0	0	0	0	0	0	15	22
346	616800	Spectum                      	1	스펙텀                       	1	2	43	75	105	0	0	0	106324	60	0	103800	1	101900	3	0	0	0	0	0	0	0	0	0	16	33
347	616900	Partizan                     	1	파르티잔                     	1	2	43	65	95	0	0	0	48380	60	0	103800	1	101600	1	0	0	0	0	0	0	0	0	0	15	45
348	617000	Backdecovine                 	1	백드코빈                     	1	2	43	60	90	0	0	0	33984	60	0	103700	3	101500	1	0	0	0	0	0	0	0	0	0	15	47
349	617100	EarthQuake                   	1	어스퀘이크                   	1	2	43	90	120	0	0	0	273052	60	0	103900	1	102100	1	0	0	0	0	0	0	0	0	0	15	25
350	617200	Rarge Blade                  	1	라지 브레이드                	1	2	43	15	45	0	0	0	1808	60	0	100700	1	100600	2	0	0	0	0	0	0	0	0	0	19	70
351	617300	Long Blade                   	1	롱 브레이드                  	1	2	43	35	65	0	0	0	5708	60	0	100900	4	100700	1	0	0	0	0	0	0	0	0	0	17	58
352	617400	Two Hand Blade               	1	투 핸드 브레이드             	1	2	43	40	70	0	0	0	10664	60	0	100800	4	100900	1	0	0	0	0	0	0	0	0	0	17	57
353	617500	Giant Blade                  	1	자이언트 브레이드            	1	2	43	70	100	0	0	0	81832	60	0	103800	1	101700	2	0	0	0	0	0	0	0	0	0	17	35
354	617600	Great Blade                  	1	그레이트 브레이드            	1	2	43	90	120	0	0	0	273052	60	0	103900	1	102100	1	0	0	0	0	0	0	0	0	0	15	25
355	617700	Giant Spear                  	1	자이언트 스피어              	1	2	43	85	115	0	0	0	196956	60	0	103900	1	102000	1	0	0	0	0	0	0	0	0	0	16	27
356	617800	Great Spear                  	1	그레이트 스피어              	1	2	43	90	120	0	0	0	258828	60	0	103900	1	102100	1	0	0	0	0	0	0	0	0	0	15	25
357	617900	Mammoth Spear                	1	매머드 스피어                	1	2	43	95	125	0	0	0	344112	60	0	103900	1	102100	2	0	0	0	0	0	0	0	0	0	15	22
358	618000	Chavel                       	1	샤벨                         	1	2	43	40	70	0	0	0	10664	60	0	100800	4	100900	1	0	0	0	0	0	0	0	0	0	17	57
359	618100	Grtoph                       	1	그르토프                     	1	2	43	60	90	0	0	0	37132	60	0	103700	3	101500	1	0	0	0	0	0	0	0	0	0	15	47
360	618200	Stone Gauntlet               	1	스톤건틀렛                   	1	6	47	65	95	0	0	0	40560	58	0	1001300	1	1000500	1	0	0	0	0	0	0	0	0	0	15	45
361	618300	Pata                         	1	파타                         	1	6	47	70	100	0	0	0	68708	58	0	1001300	1	1000500	3	0	0	0	0	0	0	0	0	0	17	35
362	618400	DragonSlayer Bow             	1	드래곤슬레이어 보우          	1	7	48	99	129	0	0	0	488360	64	0	104500	2	1001500	1	103600	1	0	0	0	0	0	0	0	15	20
363	618500	DragonSlayer Mace            	1	드래곤슬레이어 메이스        	1	2	43	99	129	0	0	0	488360	60	0	103900	2	102200	1	0	0	0	0	0	0	0	0	0	15	20
364	618600	DragonSlayer DoubleSword     	1	드래곤슬레이어 더블스워드    	1	2	43	99	129	0	0	0	488360	60	0	103900	2	102200	1	0	0	0	0	0	0	0	0	0	15	20
365	618700	DragonSlayer Fencing         	1	드래곤슬레이어 펜싱검        	1	2	43	99	129	0	0	0	488360	60	0	103900	2	102200	1	0	0	0	0	0	0	0	0	0	15	20
366	618800	Stone Fist                   	1	스톤 피스트                  	1	6	47	75	105	0	0	0	97436	58	0	1001300	1	1000700	4	0	0	0	0	0	0	0	0	0	16	33
367	618900	Great Fist                   	1	그레이트 피스트              	1	6	47	80	110	0	0	0	126628	58	0	1001300	2	1000700	2	0	0	0	0	0	0	0	0	0	16	30
368	619000	Abstract Fist                	1	앱스트렉트 피스트            	1	6	47	85	115	0	0	0	180136	58	0	1003600	1	1000700	1	0	0	0	0	0	0	0	0	0	16	27
369	619100	Death Fist                   	1	데스 피스트                  	1	6	47	90	120	0	0	0	258828	58	0	1003600	1	1000800	1	0	0	0	0	0	0	0	0	0	15	25
370	619200	Power of Fist                	1	파워오브 피스트              	1	6	47	95	125	0	0	0	344112	58	0	1003600	1	1000800	3	0	0	0	0	0	0	0	0	0	15	22
371	619300	DragonSlayer Double Mace     	1	드래곤슬레이어 더블메이스    	1	2	43	99	129	0	0	0	488360	60	0	103900	2	102200	1	0	0	0	0	0	0	0	0	0	15	20
372	621400	Large Sword                  	1	라지스워드                   	1	2	43	10	40	0	0	0	1328	60	0	100600	4	0	0	0	0	0	0	0	0	0	0	0	20	72
373	621500	Battle Sword                 	1	배틀스워드                   	1	2	43	20	50	0	0	0	2260	60	0	100700	2	100600	2	0	0	0	0	0	0	0	0	0	19	67
374	621600	Strong Sword                 	1	스트롱스워드                 	1	2	43	30	60	0	0	0	4364	60	0	100900	3	100700	2	0	0	0	0	0	0	0	0	0	18	62
375	621700	Solid Sword                 	1	솔리드스워드                 	1	2	43	35	65	0	0	0	8156	60	0	100800	3	100900	1	0	0	0	0	0	0	0	0	0	17	60
376	621800	Battle Blsde                 	1	배틀브레이드                 	1	2	43	45	75	0	0	0	15252	60	0	103700	1	100800	2	0	0	0	0	0	0	0	0	0	16	55
377	621900	Strong Blade                 	1	스트롱브레이드               	1	2	43	55	85	0	0	0	28464	60	0	103700	2	101400	3	0	0	0	0	0	0	0	0	0	15	50
378	622000	Solid Blade                  	1	솔리드브레이드               	1	2	43	65	95	0	0	0	48380	60	0	103800	1	101600	1	0	0	0	0	0	0	0	0	0	15	45
379	622100	Glorious                     	1	글로리우스                   	1	2	43	75	105	0	0	0	106324	60	0	103800	1	101900	3	0	0	0	0	0	0	0	0	0	16	33
380	622200	Anglbadal                    	1	앵글바달                     	1	2	43	85	115	0	0	0	196956	60	0	103900	1	102000	1	0	0	0	0	0	0	0	0	0	16	27
381	622300	Sword Breaker                	1	소드브레이커                 	1	2	43	95	125	0	0	0	344112	60	0	103900	1	102100	2	0	0	0	0	0	0	0	0	0	15	22
382	622400	Kaltean                      	1	칼텐                         	1	2	43	10	40	0	0	0	1328	60	0	100600	4	0	0	0	0	0	0	0	0	0	0	0	20	72
383	622500	Mieman                       	1	미망                         	1	2	43	20	50	0	0	0	2260	60	0	100700	2	100600	2	0	0	0	0	0	0	0	0	0	19	67
384	622600	Hard Turk                    	1	하드터크                     	1	2	43	30	60	0	0	0	4364	60	0	100900	3	100700	2	0	0	0	0	0	0	0	0	0	18	62
385	622700	Sharp fencilg                	1	샤프펜싱검                   	1	2	43	35	65	0	0	0	8156	60	0	100800	3	100900	1	0	0	0	0	0	0	0	0	0	17	60
386	622800	Glam                         	1	글람                         	1	2	43	45	75	0	0	0	15252	60	0	103700	1	100800	2	0	0	0	0	0	0	0	0	0	16	55
387	622900	Joyeas                       	1	죠예아스                     	1	2	43	55	85	0	0	0	28464	60	0	103700	2	101400	3	0	0	0	0	0	0	0	0	0	15	50
388	623000	Sovereign                    	1	소바진                       	1	2	43	65	95	0	0	0	48380	60	0	103800	1	101600	1	0	0	0	0	0	0	0	0	0	15	45
389	623100	Varisalda                   	1	바리살다                     	1	2	43	75	105	0	0	0	106324	60	0	103800	1	101900	3	0	0	0	0	0	0	0	0	0	16	33
390	623200	Korada                       	1	코라다                       	1	2	43	85	115	0	0	0	196956	60	0	103900	1	102000	1	0	0	0	0	0	0	0	0	0	16	27
391	623300	Arondite                     	1	아론다이트                   	1	2	43	95	125	0	0	0	344112	60	0	103900	1	102100	2	0	0	0	0	0	0	0	0	0	15	22
392	623400	Strong Axe                   	1	스트롱 엑스                  	1	2	43	10	40	0	0	0	1328	60	0	100600	4	0	0	0	0	0	0	0	0	0	0	0	20	72
393	623500	Solid Axe                    	1	솔리드 엑스                  	1	2	43	20	50	0	0	0	2260	60	0	100700	2	100600	2	0	0	0	0	0	0	0	0	0	19	67
394	623600	Twin Axe                     	1	트윈 엑스                    	1	2	43	30	60	0	0	0	4364	60	0	100900	3	100700	2	0	0	0	0	0	0	0	0	0	18	62
395	623700	Titan Axe                    	1	타이탄 엑스                  	1	2	43	35	65	0	0	0	8156	60	0	100800	3	100900	1	0	0	0	0	0	0	0	0	0	17	60
396	623800	Brave Axe                    	1	브레이브 엑스                	1	2	43	45	75	0	0	0	15252	60	0	103700	1	100800	2	0	0	0	0	0	0	0	0	0	16	55
397	623900	Merciless                    	1	머실리스                     	1	2	43	55	85	0	0	0	28464	60	0	103700	2	101400	3	0	0	0	0	0	0	0	0	0	15	50
398	624000	Pole Axe                     	1	폴 엑스                      	1	2	43	65	95	0	0	0	48380	60	0	103800	1	101600	1	0	0	0	0	0	0	0	0	0	15	45
399	624100	Blast Axe                    	1	블레스트 엑스                	1	2	43	75	105	0	0	0	106324	60	0	103800	1	101900	3	0	0	0	0	0	0	0	0	0	16	33
400	624200	Violence                     	1	바이얼런스                   	1	2	43	85	115	0	0	0	196956	60	0	103900	1	102000	1	0	0	0	0	0	0	0	0	0	16	27
401	624300	Atrocity                     	1	어트로시티                   	1	2	43	95	125	0	0	0	344112	60	0	103900	1	102100	2	0	0	0	0	0	0	0	0	0	15	22
402	700100	Blackjack                    	2250	블랙잭                       	1	0	0	5	35	0	0	0	600	0	0	0	0	0	0	0	0	0	0	0	0	0	0	0	20	75
403	700200	Teeth                        	2250	티스                         	1	0	0	5	35	0	0	0	664	0	0	0	0	0	0	0	0	0	0	0	0	0	0	0	20	75
404	700300	Jack Knife                   	2250	잭나이프                     	1	2	43	25	55	0	0	0	2620	60	0	100700	4	100600	1	0	0	0	0	0	0	0	0	0	18	65
405	700400	Bumerang                     	2250	부메랑                       	1	7	49	15	45	0	0	0	1040	64	0	101200	5	0	0	0	0	0	0	0	0	0	0	0	19	70
406	700500	Light arrow                  	2250	라이트 에로우                	0	7	49	5	35	0	0	0	0	64	0	101200	1	0	0	0	0	0	0	0	0	0	0	0	20	75
407	700600	Heavy arrow                  	2250	헤비 에로우                  	1	7	49	25	55	0	0	0	1328	64	0	103000	2	701300	10	0	0	0	0	0	0	0	0	0	18	65
408	700700	Heavymetal arrow             	2250	헤비메탈 에로우              	1	7	49	35	65	0	0	0	4776	64	0	103100	2	701400	30	0	0	0	0	0	0	0	0	0	17	60
409	700800	Arrow of SnakeEye            	2250	에로우 오브 스네이크         	1	7	49	40	70	0	0	0	8920	64	0	103100	4	701500	50	0	0	0	0	0	0	0	0	0	17	57
410	700900	Arrow of HawkBeak            	2700	에로우 오브 호크빅           	1	7	49	50	80	0	0	0	16680	64	0	104300	1	701600	50	103100	1	0	0	0	0	0	0	0	16	52
411	701000	Arrow of DragonNail          	2700	에로우 오브 드라곤네일       	1	7	49	60	90	0	0	0	31108	64	0	104300	2	701700	50	103200	2	0	0	0	0	0	0	0	15	47
412	701100	Arrow of Giant               	3150	에로우 오브 자이언트         	1	7	49	80	110	0	0	0	138228	64	0	104400	2	701700	50	103300	1	0	0	0	0	0	0	0	16	30
413	701200	Arrow of Medusa              	3150	에로우 오브 메두사           	1	7	49	90	120	0	0	0	258828	64	0	104500	1	701700	100	103400	2	0	0	0	0	0	0	0	15	25
414	701300	Steel Point                  	1000	쐐기                         	0	8	51	5	35	0	0	0	0	0	0	100600	1	0	0	0	0	0	0	0	0	0	0	0	20	75
415	701400	Heavy Arrow Point            	1000	헤비에로우헤드               	1	8	51	15	45	0	0	0	540	0	0	701300	100	100700	1	0	0	0	0	0	0	0	0	0	19	70
416	701500	Chaos Arrow Point            	1000	카오스에로우 헤드            	1	8	51	30	60	0	0	0	956	0	0	701400	100	100800	1	0	0	0	0	0	0	0	0	0	18	62
417	701600	Practal Arrow Point          	1000	프랙털 에로우 헤드           	1	8	51	50	80	0	0	0	2100	0	0	701500	100	100800	1	0	0	0	0	0	0	0	0	0	16	52
418	701700	Genuine Arrow Point          	1000	지누인 에로우 헤드           	1	8	51	75	105	0	0	0	3648	0	0	701600	100	701500	100	100800	1	0	0	0	0	0	0	0	16	33
419	701800	Round Knife                  	2250	둥근 비검                    	1	2	43	30	60	0	0	0	3648	60	0	100900	3	100700	1	0	0	0	0	0	0	0	0	0	18	62
420	701900	Feather                      	10	깃털                         	0	12	34	5	35	0	0	0	0	55	0	0	0	0	0	0	0	0	0	0	0	0	0	0	20	75
421	702000	Francisca                    	2250	프란시스카                   	1	2	43	35	65	0	0	0	7464	60	0	100800	3	100900	1	0	0	0	0	0	0	0	0	0	17	60
422	702100	Tomahawk                     	2250	토마호크                     	1	2	43	40	70	0	0	0	9752	60	0	100800	4	100900	1	0	0	0	0	0	0	0	0	0	17	57
423	702200	Grapple                      	2250	그래플                       	1	7	49	35	65	0	0	0	1436	64	0	100500	1	101000	1	0	0	0	0	0	0	0	0	0	17	72
424	702300	DragonSlayer arrow           	3150	드래곤슬레이어 에로우        	1	7	49	99	129	0	0	0	488360	64	0	104500	2	701700	100	103600	1	0	0	0	0	0	0	0	15	20
425	702400	Dual Arrow                   	1800	듀얼 에로우                  	1	7	49	70	100	0	0	0	74984	64	0	104400	1	701700	50	103200	1	0	0	0	0	0	0	0	17	35
426	702500	Battle Arrow                 	1500	배틀 에로우                  	1	7	49	25	55	0	0	0	2260	64	0	103000	3	701300	20	0	0	0	0	0	0	0	0	0	18	65
427	702600	Speed Knife                  	2250	스피드 나이프                	1	2	43	45	75	0	0	0	13948	60	0	103700	1	100800	2	0	0	0	0	0	0	0	0	0	16	55
428	702700	Blood Knife                  	2250	피의 비도                    	1	2	43	35	65	0	0	0	5224	60	0	100900	4	100700	1	0	0	0	0	0	0	0	0	0	17	60
429	702800	Wasp Knife                   	2700	와스프 나이프                	1	2	43	50	80	0	0	0	18236	60	0	103700	1	101400	4	0	0	0	0	0	0	0	0	0	16	52
430	702900	Hornet Knife                 	2700	호넷 나이프                  	1	2	43	55	85	0	0	0	26044	60	0	103700	2	101400	3	0	0	0	0	0	0	0	0	0	15	50
431	703000	Dual Knife                   	3150	듀얼 나이프                  	1	2	43	85	115	0	0	0	196956	60	0	103900	1	102000	1	0	0	0	0	0	0	0	0	0	16	27
432	703100	Triple Knife                 	3150	트리플 나이프                	1	2	43	90	120	0	0	0	258828	60	0	103900	1	102100	1	0	0	0	0	0	0	0	0	0	15	25
433	703200	DragonSlayer Knife           	3150	드래곤슬레이어 나이프        	1	2	43	99	129	0	0	0	488360	60	0	103900	2	102200	1	0	0	0	0	0	0	0	0	0	15	20
434	703300	Dart                         	2250	다트                         	1	2	43	10	40	0	0	0	800	60	0	100600	2	0	0	0	0	0	0	0	0	0	0	0	20	72
435	703400	Sparrow Knife                	2700	스패로우 나이프              	1	2	43	60	90	0	0	0	33984	60	0	103700	3	101500	1	0	0	0	0	0	0	0	0	0	15	47
436	703500	Condor Knife                 	2700	콘돌 나이프                  	1	2	43	65	95	0	0	0	44300	60	0	103800	1	101600	1	0	0	0	0	0	0	0	0	0	15	45
437	703600	Eagle Knife                  	2700	이글 나이프                  	1	2	43	70	100	0	0	0	74984	60	0	103800	1	101700	2	0	0	0	0	0	0	0	0	0	17	35
438	703700	Falcon Knife                 	3150	팔콘 나이프                  	1	2	43	80	110	0	0	0	138228	60	0	103800	2	101900	1	0	0	0	0	0	0	0	0	0	16	30
439	703800	Owl Knife                    	3150	아울 나이프                  	1	2	43	75	105	0	0	0	106324	60	0	103800	1	101900	3	0	0	0	0	0	0	0	0	0	16	33
440	800100	Wooden Shield                	1	우든 실드                    	0	4	42	5	35	0	0	0	0	59	0	101200	4	0	0	0	0	0	0	0	0	0	0	0	20	75
441	800200	<Buckler>	1	<버클러>	1	2	43	15	45	0	0	0	1552	60	0	100700	1	100600	2	0	0	0	0	0	0	0	0	0	19	70
442	800300	<Metal Shield>	1	<메탈 실드>	1	2	43	20	50	0	0	0	2260	60	0	100700	3	100600	2	0	0	0	0	0	0	0	0	0	19	67
443	800400	<Chaos Shield>	1	<카오스 실드>	1	2	43	60	90	0	0	0	33984	60	0	103700	3	101500	1	0	0	0	0	0	0	0	0	0	15	47
444	800500	<Order Shield>	1	<오더 실드>	1	2	43	65	95	0	0	0	48380	60	0	103800	1	101600	1	0	0	0	0	0	0	0	0	0	15	45
445	800600	<Kite Shield>	1	<카이트 실드>	1	2	43	35	65	0	0	0	7464	60	0	100800	3	100900	1	0	0	0	0	0	0	0	0	0	17	60
446	800700	<Heater Shield>	1	<히터 실드>	1	2	43	70	100	0	0	0	74984	60	0	103800	1	101700	2	0	0	0	0	0	0	0	0	0	17	35
447	800800	<Light Leather>	1	<라이트 레더>	0	6	47	5	35	0	0	0	0	58	0	1000100	2	1001500	1	0	0	0	0	0	0	0	0	0	20	75
448	800900	<Hard Leather>	1	<하드 레더>	1	6	47	35	65	0	0	0	5224	58	0	1000300	4	1000200	2	0	0	0	0	0	0	0	0	0	17	60
449	801000	<Bone>	1	<본>	1	0	0	0	30	0	0	0	0	0	0	0	0	0	0	0	0	0	0	0	0	0	0	0	24	75
450	801100	<Chain Mail>	1	<체인 메일>	1	2	43	15	45	0	0	0	1552	60	0	100700	1	100600	2	0	0	0	0	0	0	0	0	0	19	70
451	801200	<Ring Mail>	1	<링 메일>	1	2	43	25	55	0	0	0	2620	60	0	100700	4	100600	2	0	0	0	0	0	0	0	0	0	18	65
452	801300	<Plate>	1	<플레이트>	1	2	43	35	65	0	0	0	5224	60	0	100900	4	100700	1	0	0	0	0	0	0	0	0	0	17	60
453	801400	<Cap>	1	<캡>	0	6	47	5	35	0	0	0	0	58	0	1000100	1	0	0	0	0	0	0	0	0	0	0	0	20	75
454	801500	<Crown>	1	<크라운>	1	6	47	80	110	0	0	0	150928	58	0	1001300	2	1000700	2	0	0	0	0	0	0	0	0	0	16	30
455	801600	<Helmet>	1	<헬멧>	1	2	43	15	45	0	0	0	1328	60	0	100700	1	100600	2	0	0	0	0	0	0	0	0	0	19	70
456	801700	<Nose Helmet>	1	<노우즈 헬멧>	1	2	43	25	55	0	0	0	2260	60	0	100700	3	100600	2	0	0	0	0	0	0	0	0	0	18	65
457	801800	<Light Helmet>	1	<라이트 헬멧>	1	2	43	35	65	0	0	0	4776	60	0	100900	4	100700	1	0	0	0	0	0	0	0	0	0	17	60
458	801900	<Full Helmet>	1	<풀 헬멧>	1	2	43	40	70	0	0	0	8920	60	0	100800	3	100900	2	0	0	0	0	0	0	0	0	0	17	57
459	802000	<Robe>	1	<로브>	1	6	47	15	45	0	0	0	1552	58	0	1001600	1	1001500	3	0	0	0	0	0	0	0	0	0	19	70
460	802100	<Silk Robe>	1	<실크 로브>	1	6	47	35	65	0	0	0	5224	58	0	1001600	3	1000400	1	0	0	0	0	0	0	0	0	0	17	60
461	802200	<Leather Shoes>	1	<레더 슈즈>	1	6	47	15	45	0	0	0	1328	58	0	1000100	3	1001500	2	0	0	0	0	0	0	0	0	0	19	70
462	802300	<Boots>	1	<부츠>	1	2	43	15	45	0	0	0	1552	60	0	100700	1	100600	2	0	0	0	0	0	0	0	0	0	19	70
463	802400	<Coper Boots>	1	<카퍼 부츠>	1	2	43	60	90	0	0	0	31108	60	0	103700	3	101400	3	0	0	0	0	0	0	0	0	0	15	47
464	802500	<Long Boots>	1	<롱 부츠>	1	2	43	35	65	0	0	0	4776	60	0	100900	4	100700	1	0	0	0	0	0	0	0	0	0	17	60
465	802600	<Guantlet>	1	<건틀렛>	1	0	0	0	30	0	0	0	0	0	0	0	0	0	0	0	0	0	0	0	0	0	0	0	24	75
466	802700	<Giant Plate Mail>	1	<자이언트 플레이트 메일>	1	2	43	60	90	0	0	0	33984	60	0	103700	3	101500	1	0	0	0	0	0	0	0	0	0	15	47
467	802800	<Oger Power Gauntlet>	1	<오거파워 건틀렛>	1	0	0	0	30	0	0	0	0	0	0	0	0	0	0	0	0	0	0	0	0	0	0	0	24	75
468	802900	<Bless Boots>	1	<블레스 부츠>	1	2	43	99	129	0	0	0	488360	60	0	103900	2	102200	1	0	0	0	0	0	0	0	0	0	15	20
469	803000	<Nighthawk of Robe>	1	<나이트 호크 로브>	1	6	47	60	90	0	0	0	33984	58	0	1001200	3	1000500	1	0	0	0	0	0	0	0	0	0	15	47
470	803100	<Dragon Slayer Shield>	1	<드라곤 슬레이어 실드>	1	2	43	99	129	0	0	0	488360	60	0	103900	2	102200	1	0	0	0	0	0	0	0	0	0	15	20
471	803200	<Flying Shoes>	1	<플라잉 슈즈>	1	6	47	80	110	0	0	0	138228	58	0	1001300	2	1000700	2	0	0	0	0	0	0	0	0	0	16	30
472	803300	<Shield of Fire>	1	<실드 오브 화이어>	1	0	0	0	30	0	0	0	0	0	0	0	0	0	0	0	0	0	0	0	0	0	0	0	24	75
473	803400	<Shield of Ice>	1	<실드 오브  아이스>	1	0	0	0	30	0	0	0	0	0	0	0	0	0	0	0	0	0	0	0	0	0	0	0	24	75
474	803500	<Shield of Thunder>	1	<실드 오브 썬더>	1	0	0	0	30	0	0	0	0	0	0	0	0	0	0	0	0	0	0	0	0	0	0	0	24	75
475	803600	<Fast Coper Boots>	1	<패스트 카퍼 부츠>	1	2	43	80	110	0	0	0	138228	60	0	103800	2	101900	3	0	0	0	0	0	0	0	0	0	16	30
476	803700	<Man Casual wear>	1	<남자평상복>	1	0	0	5	35	0	0	0	600	0	0	0	0	0	0	0	0	0	0	0	0	0	0	0	20	75
477	803800	<Woman Casual wear>	1	<여자평상복>	1	0	0	5	35	0	0	0	600	0	0	0	0	0	0	0	0	0	0	0	0	0	0	0	20	75
478	803900	<Barding>	1	<바딩>	1	0	0	0	30	0	0	0	0	0	0	0	0	0	0	0	0	0	0	0	0	0	0	0	24	75
479	804000	<Tower Shield>	1	<타워 실드>	1	2	43	40	70	0	0	0	9752	60	0	100800	4	100900	1	0	0	0	0	0	0	0	0	0	17	57
480	804100	<Heart Breaker>	1	<하트브레이커>	1	0	0	0	30	0	0	0	0	0	0	0	0	0	0	0	0	0	0	0	0	0	0	0	24	75
481	804200	<Leather Glove>	1	<레더글로브>	1	0	0	0	30	0	0	0	0	0	0	0	0	0	0	0	0	0	0	0	0	0	0	0	24	75
482	804300	<Studded Leather Glove>	1	<스터디드레더 글로브>	1	0	0	0	30	0	0	0	0	0	0	0	0	0	0	0	0	0	0	0	0	0	0	0	24	75
483	804400	<Cestus>	1	<세스터스>	1	0	0	0	30	0	0	0	0	0	0	0	0	0	0	0	0	0	0	0	0	0	0	0	24	75
484	804500	<Chain Glove>	1	<체인글로브>	1	0	0	0	30	0	0	0	0	0	0	0	0	0	0	0	0	0	0	0	0	0	0	0	24	75
485	804600	<War Glove>	1	<워 글로브>	1	0	0	0	30	0	0	0	0	0	0	0	0	0	0	0	0	0	0	0	0	0	0	0	24	75
486	804700	<Light Gauntlet>	1	<라이트 건틀릿>	1	0	0	0	30	0	0	0	0	0	0	0	0	0	0	0	0	0	0	0	0	0	0	0	24	75
487	804800	<Heavy Gauntlet>	1	<헤비 건틀릿>	1	0	0	0	30	0	0	0	0	0	0	0	0	0	0	0	0	0	0	0	0	0	0	0	24	75
488	804900	<Battle Gauntlet>	1	<배틀 건틀릿>	1	0	0	0	30	0	0	0	0	0	0	0	0	0	0	0	0	0	0	0	0	0	0	0	24	75
489	805000	<Vigorous>	1	<비거러스>	1	0	0	0	30	0	0	0	0	0	0	0	0	0	0	0	0	0	0	0	0	0	0	0	24	75
490	805100	<Megingort>	1	<메긴교르트>	1	0	0	0	30	0	0	0	0	0	0	0	0	0	0	0	0	0	0	0	0	0	0	0	24	75
491	805200	<Leather Armor>	1	<레더아머>	1	6	47	15	45	0	0	0	1436	58	0	1000100	3	1001500	2	0	0	0	0	0	0	0	0	0	19	70
492	805300	<Padded Armor>	1	<패디드아머>	1	6	47	25	55	0	0	0	2436	58	0	1000200	4	1000100	2	0	0	0	0	0	0	0	0	0	18	65
493	805400	<Scale Mail>	1	<스캐일 메일>	1	6	47	50	80	0	0	0	18236	58	0	1001200	2	1000400	1	0	0	0	0	0	0	0	0	0	16	52
494	805500	<Full Plate Armor>	1	<풀플레이트아머>	1	2	43	40	70	0	0	0	9752	60	0	100800	4	100900	1	0	0	0	0	0	0	0	0	0	17	57
495	805600	<Phoenix>	1	<피닉스>	1	2	43	70	100	0	0	0	74984	60	0	103800	1	101700	2	0	0	0	0	0	0	0	0	0	17	35
496	805700	<Valkanes>	1	<발카네스>	1	6	47	99	129	0	0	0	488360	58	0	1003600	2	1000800	1	0	0	0	0	0	0	0	0	0	15	20
497	805800	<Blue water>	1	<블루워터>	1	2	43	80	110	0	0	0	138228	60	0	103800	2	101900	1	0	0	0	0	0	0	0	0	0	16	30
498	805900	<Shadow dancer>	1	<쉐도우 댄서>	1	2	43	90	120	0	0	0	258828	60	0	103900	1	102100	1	0	0	0	0	0	0	0	0	0	15	25
499	806000	<Red prayer>	1	<레드 프레이어>	1	2	43	99	129	0	0	0	488360	60	0	103900	2	102200	1	0	0	0	0	0	0	0	0	0	15	20
500	806100	<Mischa>	1	<미스카>	1	6	47	70	100	0	0	0	74984	58	0	1001300	1	1000500	4	0	0	0	0	0	0	0	0	0	17	35
501	806200	<Neith>	1	<네이스>	1	6	47	80	110	0	0	0	138228	58	0	1001300	2	1000700	2	0	0	0	0	0	0	0	0	0	16	30
502	806300	<turbulence>	1	<터뷸런스>	1	6	47	90	120	0	0	0	258828	58	0	1003600	1	1000800	1	0	0	0	0	0	0	0	0	0	15	25
503	806400	<Eclipse>	1	<이클립스>	1	2	43	50	80	0	0	0	18236	60	0	103700	1	101400	4	0	0	0	0	0	0	0	0	0	16	52
504	806500	<Round Shield>	1	<라운드실드>	1	4	42	10	40	0	0	0	1128	59	0	101200	5	0	0	0	0	0	0	0	0	0	0	0	20	72
505	806600	<Small Shield>	1	<스몰실드>	0	2	43	5	35	0	0	0	0	60	0	100600	3	0	0	0	0	0	0	0	0	0	0	0	20	75
506	806700	<Large Shield>	1	<라지실드>	1	2	43	20	50	0	0	0	1948	60	0	100700	2	100600	2	0	0	0	0	0	0	0	0	0	19	67
507	806800	<Battle shield>	1	<배틀 실드>	1	4	42	25	55	0	0	0	2620	59	0	103000	1	103100	1	0	0	0	0	0	0	0	0	0	18	65
508	806900	<Great shield>	1	<그레이트실드>	1	2	43	45	75	0	0	0	13948	60	0	103700	1	100800	2	0	0	0	0	0	0	0	0	0	16	55
509	807000	<Giant shield>	1	<자이언트실드>	1	2	43	55	85	0	0	0	26044	60	0	103700	2	101400	3	0	0	0	0	0	0	0	0	0	15	50
510	807100	<Mammoth shield>	1	<매머드실드>	1	2	43	50	80	0	0	0	18236	60	0	103700	1	101400	4	0	0	0	0	0	0	0	0	0	16	52
511	807200	<Aegis>	1	<아이기스>	1	2	43	30	60	0	0	0	3648	60	0	100900	3	100700	1	0	0	0	0	0	0	0	0	0	18	62
512	807300	<Dragon roar>	1	<드래곤 로어>	1	2	43	95	125	0	0	0	344112	60	0	103900	1	102100	2	0	0	0	0	0	0	0	0	0	15	22
513	807400	<Ruminus>	1	<루미너스>	1	0	0	0	30	0	0	0	0	0	0	0	0	0	0	0	0	0	0	0	0	0	0	0	24	75
514	807500	<Muk>	1	<무크>	1	2	43	80	110	0	0	0	138228	60	0	103800	2	101900	1	0	0	0	0	0	0	0	0	0	16	30
515	807600	<Xion>	1	<시온>	1	2	43	85	115	0	0	0	196956	60	0	103900	1	102000	1	0	0	0	0	0	0	0	0	0	16	27
516	807700	<Grasia>	1	<그라시아>	1	2	43	75	105	0	0	0	106324	60	0	103800	1	101900	3	0	0	0	0	0	0	0	0	0	16	33
517	807800	<Inis>	1	<이니스>	1	2	43	40	70	0	0	0	8920	60	0	100800	3	100900	2	0	0	0	0	0	0	0	0	0	17	57
518	807900	<NeverPierce>	1	<네버피어스>	1	2	43	90	120	0	0	0	258828	60	0	103900	1	102100	1	0	0	0	0	0	0	0	0	0	15	25
519	808000	<Kuala>	1	<쿠알라>	1	2	43	35	65	0	0	0	5224	60	0	100900	4	100700	1	0	0	0	0	0	0	0	0	0	17	60
520	808100	<Skull Cap>	1	<스컬 캡>	1	6	47	40	70	0	0	0	8156	58	0	1000400	4	1000300	2	0	0	0	0	0	0	0	0	0	17	57
521	808200	<Light Cap>	1	<라이트캡>	1	6	47	15	45	0	0	0	1040	58	0	1000100	3	1001500	2	0	0	0	0	0	0	0	0	0	19	70
522	808300	<Heavy Helm>	1	<헤비 헬름>	1	2	43	50	80	0	0	0	16680	60	0	103700	1	100800	3	0	0	0	0	0	0	0	0	0	16	52
523	808400	<War Helm>	1	<워 헬름>	1	2	43	60	90	0	0	0	31108	60	0	103700	3	101400	3	0	0	0	0	0	0	0	0	0	15	47
524	808500	<Plate Helm>	1	<플레이트 헬름>	1	2	43	70	100	0	0	0	74984	60	0	103800	1	101600	1	0	0	0	0	0	0	0	0	0	17	35
525	808600	<Battle Helm>	1	<배틀 헬름>	1	2	43	80	110	0	0	0	138228	60	0	103800	2	101900	3	0	0	0	0	0	0	0	0	0	16	30
526	808700	<Great Helm>	1	<그레이트 헬름>	1	2	43	90	120	0	0	0	258828	60	0	103900	1	102000	1	0	0	0	0	0	0	0	0	0	15	25
527	808800	<Full Plate Helm>	1	<풀 플레이트 헬름>	1	2	43	99	129	0	0	0	488360	60	0	103900	2	102200	1	0	0	0	0	0	0	0	0	0	15	20
528	808900	<Studded Leather Armor>	1	<스터디드레더아머>	1	6	47	40	70	0	0	0	8920	58	0	1000400	4	1000300	2	0	0	0	0	0	0	0	0	0	17	54
529	809000	<Cry for moon>	1	<크라이 포 문>	1	2	43	50	80	0	0	0	16680	60	0	103700	1	100800	3	0	0	0	0	0	0	0	0	0	16	52
530	809100	<Full Plate Gauntlet>	1	<풀 플레이트 건틀릿>	1	0	0	0	30	0	0	0	0	0	0	0	0	0	0	0	0	0	0	0	0	0	0	0	24	75
531	809200	<Shoes>	1	<슈즈>	0	6	47	5	35	0	0	0	0	58	0	1000100	2	1001500	1	0	0	0	0	0	0	0	0	0	20	75
532	809300	<Padded Shoes>	1	<패디드 슈즈>	1	6	47	25	55	0	0	0	2260	58	0	1000200	4	1000100	2	0	0	0	0	0	0	0	0	0	18	65
533	809400	<Light Boots>	1	<라이트부츠>	1	2	43	25	55	0	0	0	2436	60	0	100700	4	100600	2	0	0	0	0	0	0	0	0	0	18	65
534	809500	<Heavy Shoes>	1	<헤비 레더 슈즈>	1	6	47	70	100	0	0	0	74984	58	0	1001300	1	1000500	4	0	0	0	0	0	0	0	0	0	17	35
535	809600	<Studded Leather Shoes>	1	<스터디드 레더 슈즈>	1	6	47	35	65	0	0	0	4776	58	0	1000300	4	1000200	2	0	0	0	0	0	0	0	0	0	17	60
536	809700	<Chain Boots>	1	<체인부츠>	1	2	43	50	80	0	0	0	16680	60	0	103700	1	100800	3	0	0	0	0	0	0	0	0	0	16	52
537	809800	<Plate Boots>	1	<플레이트부츠>	1	2	43	70	100	0	0	0	74984	60	0	103800	1	101600	1	0	0	0	0	0	0	0	0	0	17	35
538	809900	<Full Plate Boots>	1	<풀플레이트부츠>	1	2	43	90	120	0	0	0	258828	60	0	103900	1	102000	1	0	0	0	0	0	0	0	0	0	15	25
539	810000	<Vinty>	1	<빈티>	1	6	47	60	90	0	0	0	33984	58	0	1001200	3	1000500	2	0	0	0	0	0	0	0	0	0	15	47
540	810100	<Cape>	1	<케이프>	0	6	47	5	35	0	0	0	0	58	0	1001600	1	1001500	1	0	0	0	0	0	0	0	0	0	20	75
541	810200	<Cloack>	1	<클락>	1	6	47	15	45	0	0	0	1552	58	0	1001600	1	1001500	3	0	0	0	0	0	0	0	0	0	19	70
542	810300	<Poncho>	1	<판초>	0	6	47	5	35	0	0	0	0	58	0	1001600	1	1001500	1	0	0	0	0	0	0	0	0	0	20	75
543	810400	<Silk Cape>	1	<실크 케이프>	1	6	47	25	55	0	0	0	2620	58	0	1001600	2	1000300	1	0	0	0	0	0	0	0	0	0	18	65
544	810500	<Cape of Knights>	1	<케이프 오브 나이츠 >	1	6	47	40	70	0	0	0	8920	58	0	1001600	1	1000400	5	0	0	0	0	0	0	0	0	0	17	57
545	810600	<Briliance Robe>	1	<브릴리언스 로브>	1	6	47	50	80	0	0	0	18236	58	0	1001200	1	1000500	4	0	0	0	0	0	0	0	0	0	16	52
546	810700	<Grand Robe>	1	<그랜드 로브>	1	6	47	70	100	0	0	0	74984	58	0	1001300	1	1000700	2	0	0	0	0	0	0	0	0	0	17	35
547	810800	<Sorcery Robe>	1	<마법사의 로브>	1	6	47	80	110	0	0	0	138228	58	0	1001300	2	1000700	1	0	0	0	0	0	0	0	0	0	16	30
548	810900	<Robe of Potential>	1	<잠재력의 로브>	1	6	47	90	120	0	0	0	258828	58	0	1003600	1	1000800	1	0	0	0	0	0	0	0	0	0	15	25
549	811000	<Handreke's Robe>	1	<헨드레이크 로브>	1	6	47	99	129	0	0	0	488360	58	0	1003600	2	1000800	2	0	0	0	0	0	0	0	0	0	15	20
550	811100	<Silk Poncho>	1	<실크 판초>	1	6	47	25	55	0	0	0	2620	58	0	1001600	2	1000300	1	0	0	0	0	0	0	0	0	0	18	65
551	811200	<Silk Cloak>	1	<실크 클락>	1	6	47	35	65	0	0	0	5224	58	0	1001600	3	1000400	1	0	0	0	0	0	0	0	0	0	17	60
552	811300	<Babarian Poncho>	1	<바바리안 판초>	1	6	47	40	70	0	0	0	8920	58	0	1001600	1	1000400	5	0	0	0	0	0	0	0	0	0	17	57
553	811400	<Grave Cloak>	1	<그레이브 클락>	1	6	47	50	80	0	0	0	18236	58	0	1001200	1	1000500	4	0	0	0	0	0	0	0	0	0	16	52
554	811500	<Dark Cloak>	1	<다크 클락>	1	6	47	60	90	0	0	0	33984	58	0	1001200	3	1000500	1	0	0	0	0	0	0	0	0	0	15	47
555	811600	<Grand Cloak>	1	<그랜드 클락>	1	6	47	70	100	0	0	0	74984	58	0	1001300	1	1000700	2	0	0	0	0	0	0	0	0	0	17	35
556	811700	<Holy Cloak>	1	<홀리 클락>	1	6	47	80	110	0	0	0	138228	58	0	1001300	2	1000700	1	0	0	0	0	0	0	0	0	0	16	30
557	811800	<Cloak of Nirvana>	1	<클락 오브 너바나>	1	6	47	90	120	0	0	0	258828	58	0	1003600	1	1000800	1	0	0	0	0	0	0	0	0	0	15	25
558	811900	<Cloak of Miracle>	1	<클락 오브 미라클>	1	6	47	99	129	0	0	0	488360	58	0	1003600	2	1000800	2	0	0	0	0	0	0	0	0	0	15	20
559	812000	<Hat>	1	<햇>	0	6	47	5	35	0	0	0	0	58	0	1001600	1	1001500	1	0	0	0	0	0	0	0	0	0	20	78
560	812100	<Light Hat>	1	<라이트 햇>	1	6	47	15	45	0	0	0	1436	58	0	1001600	1	1001500	2	0	0	0	0	0	0	0	0	0	19	70
561	812200	<Silk Hat>	1	<실크 햇>	1	6	47	35	65	0	0	0	4776	58	0	1001600	3	1000400	1	0	0	0	0	0	0	0	0	0	17	60
562	812300	<Knight's Hat>	1	<나이츠 햇>	1	6	47	40	70	0	0	0	8920	58	0	1001600	1	1000400	5	0	0	0	0	0	0	0	0	0	17	57
563	812400	<Hat of Spirits>	1	<햇 오브 스피리트>	1	6	47	50	80	0	0	0	15252	58	0	1001200	1	1000500	3	0	0	0	0	0	0	0	0	0	16	52
564	812500	<Hat of Brood>	1	<햇 오브 부르드>	1	6	47	60	90	0	0	0	31108	58	0	1001200	3	1000500	1	0	0	0	0	0	0	0	0	0	15	47
565	812600	<Grand Hat>	1	<그랜드 햇>	1	6	47	70	100	0	0	0	74984	58	0	1001300	1	1000700	2	0	0	0	0	0	0	0	0	0	17	35
566	812700	<Holy Hat>	1	<홀리 햇>	1	6	47	80	110	0	0	0	138228	58	0	1001300	2	1000700	1	0	0	0	0	0	0	0	0	0	16	30
567	812800	<Silence Hat>	1	<사일런스 햇>	1	6	47	90	120	0	0	0	258828	58	0	1003600	1	1000800	1	0	0	0	0	0	0	0	0	0	15	25
568	812900	<Glorius Hat>	1	<글로리어스 햇>	1	6	47	99	129	0	0	0	488360	58	0	1003600	2	1000800	2	0	0	0	0	0	0	0	0	0	15	20
569	813000	<Full Cap>	1	<풀 캡>	1	6	47	25	55	0	0	0	1948	58	0	1000200	4	1000100	2	0	0	0	0	0	0	0	0	0	18	65
570	813100	<Heavy Cap>	1	<해비 캡>	1	6	47	35	65	0	0	0	4364	58	0	1000300	4	1000200	1	0	0	0	0	0	0	0	0	0	17	60
571	813200	<Cap of Wildness>	1	<캡 오브 와일드네스>	1	6	47	50	80	0	0	0	16680	58	0	1001200	1	1000400	4	0	0	0	0	0	0	0	0	0	16	52
572	813300	<Cap of Nature>	1	<캡 오브 네이쳐>	1	6	47	60	90	0	0	0	33984	58	0	1001200	3	1000500	2	0	0	0	0	0	0	0	0	0	15	47
573	813400	<Grand Cap>	1	<그랜드 캡>	1	6	47	70	100	0	0	0	74984	58	0	1001300	1	1000500	4	0	0	0	0	0	0	0	0	0	17	35
574	813500	<Criminal's Cap>	1	<범죄자의 모자>	1	6	47	90	120	0	0	0	273052	58	0	1003600	1	1000800	1	0	0	0	0	0	0	0	0	0	15	25
575	813600	<Henter's Cap>	1	<사냥군의 모자>	1	6	47	99	129	0	0	0	488360	58	0	1003600	2	1000800	1	0	0	0	0	0	0	0	0	0	15	20
576	813700	<Heavy Hat>	1	<해비 햇>	1	6	47	25	55	0	0	0	2436	58	0	1001600	2	1000300	1	0	0	0	0	0	0	0	0	0	18	65
577	813800	<Long Shoes>	1	<롱슈즈>	1	6	47	40	70	0	0	0	8920	58	0	1000400	4	1000300	2	0	0	0	0	0	0	0	0	0	17	57
578	813900	<Harper Shoes>	1	<하퍼슈즈>	1	6	47	50	80	0	0	0	15252	58	0	1001200	1	1000400	4	0	0	0	0	0	0	0	0	0	16	52
579	814000	<Hide Shoes>	1	<하이드슈즈>	1	6	47	60	90	0	0	0	31108	58	0	1001200	3	1000500	2	0	0	0	0	0	0	0	0	0	15	47
580	814100	<Bigband Shoes>	1	<빅밴드 슈즈>	1	6	47	90	120	0	0	0	258828	58	0	1003600	1	1000800	1	0	0	0	0	0	0	0	0	0	15	25
581	814200	<Bless Shoes>	1	<블레스 슈즈>	1	6	47	99	129	0	0	0	488360	58	0	1003600	2	1000800	1	0	0	0	0	0	0	0	0	0	15	20
582	814300	<Harper Boots>	1	<하퍼부츠>	1	2	43	40	70	0	0	0	8920	60	0	100800	3	100900	1	0	0	0	0	0	0	0	0	0	17	57
583	900100	Ring of Wing                 	1	링 오브 윙                   	1	0	0	0	30	0	0	0	8156	0	0	0	0	0	0	0	0	0	0	0	0	0	0	0	24	75
584	900200	Alive Ring                   	1	얼라이브 링                  	1	0	0	0	30	0	0	0	11664	0	0	0	0	0	0	0	0	0	0	0	0	0	0	0	24	75
585	900300	Resist ice Ring              	1	레지스트 아이스링            	1	0	0	0	30	0	0	0	18236	0	0	0	0	0	0	0	0	0	0	0	0	0	0	0	24	75
586	900400	Mighty  Ring                 	1	마이티 링                    	1	0	0	0	30	0	0	0	57668	0	0	0	0	0	0	0	0	0	0	0	0	0	0	0	24	75
587	900500	Resist lightning Ring        	1	레지스트 라이트닝 링         	1	0	0	0	30	0	0	0	18236	0	0	0	0	0	0	0	0	0	0	0	0	0	0	0	24	75
588	900600	Silver Ring                  	1	실버 링                      	1	0	0	0	30	0	0	0	62948	0	0	0	0	0	0	0	0	0	0	0	0	0	0	0	24	75
589	900700	Resist fire Ring             	1	레지스트 화이어 링           	1	0	0	0	30	0	0	0	18236	0	0	0	0	0	0	0	0	0	0	0	0	0	0	0	24	75
590	900800	Amber Ring                   	1	엠버링                       	1	0	0	0	30	0	0	0	68708	0	0	0	0	0	0	0	0	0	0	0	0	0	0	0	24	75
591	900900	Crystal Ring                 	1	크리스탈 링                  	1	0	0	0	30	0	0	0	28464	0	0	0	0	0	0	0	0	0	0	0	0	0	0	0	24	75
592	901000	Ring of Wolf                 	1	링 오브 울프                 	1	0	0	0	30	0	0	0	106324	0	0	0	0	0	0	0	0	0	0	0	0	0	0	0	24	75
593	901100	Amulet of Brood              	1	에뮬렛 오브 브루드           	1	0	0	0	30	0	0	0	106324	0	0	0	0	0	0	0	0	0	0	0	0	0	0	0	24	75
594	901200	Protect from magic Ring      	1	프로텍트 매직링              	1	0	0	0	30	0	0	0	48380	0	0	0	0	0	0	0	0	0	0	0	0	0	0	0	24	75
595	901300	Protect from Ghost Ring      	1	프로텍트 고스트 링           	1	0	0	0	30	0	0	0	57668	0	0	0	0	0	0	0	0	0	0	0	0	0	0	0	24	75
596	901400	Amulet of Tiger              	1	에뮬렛 오브 타이거           	1	0	0	0	30	0	0	0	126628	0	0	0	0	0	0	0	0	0	0	0	0	0	0	0	24	75
597	901500	Gold Amulet                  	1	골드 에뮬렛                  	1	0	0	0	30	0	0	0	138228	0	0	0	0	0	0	0	0	0	0	0	0	0	0	0	24	75
598	901600	Crystal Amulet               	1	크리스탈 에뷸렛              	1	0	0	0	30	0	0	0	97436	0	0	0	0	0	0	0	0	0	0	0	0	0	0	0	24	75
599	901700	Amulet of Wizard             	1	에뮬렛 오브 위자드           	1	0	0	0	30	0	0	0	126628	0	0	0	0	0	0	0	0	0	0	0	0	0	0	0	24	75
600	901800	Cure Ring                    	1	큐어링                       	1	0	0	0	30	0	0	0	44300	0	0	0	0	0	0	0	0	0	0	0	0	0	0	0	24	75
601	901900	Tezcatlipoca                 	1	테스카틀리포카               	1	0	0	0	30	0	0	0	28464	0	0	0	0	0	0	0	0	0	0	0	0	0	0	0	24	75
602	902000	Brisingamen                  	1	브리싱가멘                   	1	0	0	0	30	0	0	0	74984	0	0	0	0	0	0	0	0	0	0	0	0	0	0	0	24	75
603	902100	Tears of simunian            	1	시무니안의 눈물              	1	0	0	0	30	0	0	0	37132	0	0	0	0	0	0	0	0	0	0	0	0	0	0	0	24	75
604	902200	Seide                        	1	자이데                       	1	0	0	0	30	0	0	0	33984	0	0	0	0	0	0	0	0	0	0	0	0	0	0	0	24	75
605	902300	Eyes of Medusa               	1	메누사의 눈                  	1	0	0	0	30	0	0	0	26044	0	0	0	0	0	0	0	0	0	0	0	0	0	0	0	24	75
606	902400	Natos                        	1	나토스                       	1	0	0	0	30	0	0	0	18236	0	0	0	0	0	0	0	0	0	0	0	0	0	0	0	24	75
607	902500	Enlil                        	1	엔릴                         	1	0	0	0	30	0	0	0	8920	0	0	0	0	0	0	0	0	0	0	0	0	0	0	0	24	75
608	902600	Dragon Fear                  	1	드래곤 피어                  	1	0	0	0	30	0	0	0	40560	0	0	0	0	0	0	0	0	0	0	0	0	0	0	0	24	75
609	902700	Dragon Teeth                 	1	용아                         	1	0	0	0	30	0	0	0	11664	0	0	0	0	0	0	0	0	0	0	0	0	0	0	0	24	75
610	902800	Icon of Helchaness           	1	헬카네스의 성상              	1	0	0	0	30	0	0	0	81832	0	0	0	0	0	0	0	0	0	0	0	0	0	0	0	24	75
611	902900	Saint Ring                   	1	새인트 링                    	1	0	0	0	30	0	0	0	97436	0	0	0	0	0	0	0	0	0	0	0	0	0	0	0	24	75
612	903000	Glory of Uphinel             	1	유피넬의 정화                	1	0	0	0	30	0	0	0	40560	0	0	0	0	0	0	0	0	0	0	0	0	0	0	0	24	75
613	903100	Fairy Queen                  	1	페어리 퀸                    	1	0	0	0	30	0	0	0	8156	0	0	0	0	0	0	0	0	0	0	0	0	0	0	0	24	75
614	903200	Solocher's ring              	1	솔로처의 반지                	1	0	0	0	30	0	0	0	62948	0	0	0	0	0	0	0	0	0	0	0	0	0	0	0	24	75
615	903300	Sevance                      	1	세반스                       	1	0	0	0	30	0	0	0	8920	0	0	0	0	0	0	0	0	0	0	0	0	0	0	0	24	75
616	903400	Soul Stone ring              	1	영혼석의 반지                	1	0	0	0	30	0	0	0	258828	0	0	0	0	0	0	0	0	0	0	0	0	0	0	0	24	75
617	903500	Raja's Ring                  	1	라자의 반지                  	1	0	0	0	30	0	0	0	588740	0	0	0	0	0	0	0	0	0	0	0	0	0	0	0	24	75
618	903600	Dargon Slayer                	1	용기사                       	1	0	0	0	30	0	0	0	258828	0	0	0	0	0	0	0	0	0	0	0	0	0	0	0	24	75
619	903700	Draufnir                     	1	드라우프닐                   	1	0	0	0	30	0	0	0	9752	0	0	0	0	0	0	0	0	0	0	0	0	0	0	0	24	75
620	903800	Ring of Phoenix              	1	링 오브 피닉스               	1	0	0	0	30	0	0	0	11664	0	0	0	0	0	0	0	0	0	0	0	0	0	0	0	24	75
621	903900	Naja's Ring	1	나자의 반지	1	0	0	0	30	0	0	0	588740	0	0	0	0	0	0	0	0	0	0	0	0	0	0	0	24	75
622	904000	Diamond Ring	1	다이아몬드 반지	1	0	0	0	30	0	0	0	588740	0	0	0	0	0	0	0	0	0	0	0	0	0	0	0	24	75
623	904100	Emerald Ring	1	에메랄드 반지 	1	0	0	0	30	0	0	0	588740	0	0	0	0	0	0	0	0	0	0	0	0	0	0	0	24	75
624	904200	<NewvRing>	1	<신규 링>	1	0	0	0	30	0	0	0	11664	0	0	0	0	0	0	0	0	0	0	0	0	0	0	0	24	75
625	904300	<NewvRing>	1	<신규 링>	1	0	0	0	30	0	0	0	11664	0	0	0	0	0	0	0	0	0	0	0	0	0	0	0	24	75
626	904400	<NewvRing>	1	<신규 링>	1	0	0	0	30	0	0	0	11664	0	0	0	0	0	0	0	0	0	0	0	0	0	0	0	24	75
627	904500	<NewvRing>	1	<신규 링>	1	0	0	0	30	0	0	0	11664	0	0	0	0	0	0	0	0	0	0	0	0	0	0	0	24	75
628	904600	<NewvRing>	1	<신규 링>	1	0	0	0	30	0	0	0	11664	0	0	0	0	0	0	0	0	0	0	0	0	0	0	0	24	75
629	904700	<NewvRing>	1	<신규 링>	1	0	0	0	30	0	0	0	11664	0	0	0	0	0	0	0	0	0	0	0	0	0	0	0	24	75
630	904800	<NewvRing>	1	<신규 링>	1	0	0	0	30	0	0	0	11664	0	0	0	0	0	0	0	0	0	0	0	0	0	0	0	24	75
631	904900	<NewvRing>	1	<신규 링>	1	0	0	0	30	0	0	0	11664	0	0	0	0	0	0	0	0	0	0	0	0	0	0	0	24	75
632	905000	<NewvRing>	1	<신규 링>	1	0	0	0	30	0	0	0	11664	0	0	0	0	0	0	0	0	0	0	0	0	0	0	0	24	75
633	1000100	<Low Animal Skin>	1	<저급 동물 가죽>	0	12	34	5	35	0	0	0	0	55	0	0	0	0	0	0	0	0	0	0	0	0	0	0	20	75
634	1000200	<Animal Skin>	1	<동물가죽>	1	12	34	10	40	0	0	0	156	55	0	0	0	0	0	0	0	0	0	0	0	0	0	0	20	72
635	1000300	<Lizard Skin>	1	<도마뱀 가죽>	1	12	34	30	60	0	0	0	432	55	0	0	0	0	0	0	0	0	0	0	0	0	0	0	18	62
636	1000400	<Orc Skin>	1	<오크 가죽>	1	12	34	40	70	0	0	0	664	55	0	0	0	0	0	0	0	0	0	0	0	0	0	0	17	57
637	1000500	<Scorpion Scale>	1	<전갈 비늘>	1	12	34	50	80	0	0	0	876	55	0	0	0	0	0	0	0	0	0	0	0	0	0	0	16	52
638	1000600	<Centipede Skin>	1	<지네의 허물>	1	0	34	60	90	0	0	0	1128	55	0	0	0	0	0	0	0	0	0	0	0	0	0	0	15	47
639	1000700	<Mujina Skin>	1	<무지나 가죽>	1	12	34	70	100	0	0	0	1808	55	0	0	0	0	0	0	0	0	0	0	0	0	0	0	17	35
640	1000800	<Manscorpion Amor>	1	<스콜피온 껍데기>	1	12	34	80	110	0	0	0	2820	55	0	0	0	0	0	0	0	0	0	0	0	0	0	0	16	30
641	1000900	<Griffon Feather>	1	<그리폰의 깃털>	1	0	34	90	120	0	0	0	5224	55	0	0	0	0	0	0	0	0	0	0	0	0	0	0	15	25
642	1001000	<Diablo Skin>	1	<디아블로의 표피>	1	0	34	100	130	0	0	0	8156	55	0	0	0	0	0	0	0	0	0	0	0	0	0	0	15	20
643	1001100	<Item Identification Scroll>	1	<지역저장보석>	1	0	0	0	30	0	0	0	0	0	0	0	0	0	0	0	0	0	0	0	0	0	0	0	24	75
644	1001200	Silk	1	비단	1	6	45	40	70	0	0	0	3992	58	0	1000400	1	1001500	2	0	0	0	0	0	0	0	0	0	17	57
645	1001300	Grace Clothe	1	그레이스 클로스              	1	6	45	60	90	0	0	0	18236	58	0	1001200	1	1000500	1	0	0	0	0	0	0	0	0	0	15	47
646	1001400	<Wool>	1	<양털>	0	6	41	5	35	0	0	0	0	0	0	0	0	0	0	0	0	0	0	0	0	0	0	0	20	75
647	1001500	<Thread>	1	<실>	0	6	45	5	35	0	0	0	0	58	0	1001400	1	0	0	0	0	0	0	0	0	0	0	0	20	75
648	1001600	<Clothe>	1	<천>	1	6	45	10	40	0	0	0	484	58	0	1001500	1	0	0	0	0	0	0	0	0	0	0	0	20	72
649	1001700	<Cup>	1	<컵>	0	8	52	5	35	0	0	0	0	0	0	100500	1	0	0	0	0	0	0	0	0	0	0	0	20	55
650	1001800	<Cup with Water>	1	<물담긴 컵>	1	0	0	0	30	0	0	0	156	0	0	0	0	0	0	0	0	0	0	0	0	0	0	0	24	75
651	1001900	<Bottle>	1	<빈병>	1	8	52	10	40	0	0	0	188	0	0	101000	1	0	0	0	0	0	0	0	0	0	0	0	20	72
652	1002000	<Bottle with Water>	1	<물담긴 병>	1	0	0	0	30	0	0	0	220	0	0	0	0	0	0	0	0	0	0	0	0	0	0	0	24	75
653	1002100	<Basket with Water>	1	<물담긴 양동이>	1	0	0	0	30	0	0	0	484	0	0	0	0	0	0	0	0	0	0	0	0	0	0	0	24	75
654	1002200	<Basket with Milk>	1	<우유담긴 양동이>	1	0	0	0	30	0	0	0	664	0	0	0	0	0	0	0	0	0	0	0	0	0	0	0	24	75
655	1002300	<Bottle with Milk>	1	<우유담긴 병>	1	0	0	0	30	0	0	0	188	0	0	0	0	0	0	0	0	0	0	0	0	0	0	0	24	75
656	1002400	<Paper>	1	<종이>	1	0	0	0	30	0	0	0	84	0	0	0	0	0	0	0	0	0	0	0	0	0	0	0	24	75
657	1002500	<Magic Book>	1	<마법책>	1	0	0	0	30	0	0	0	11664	0	0	0	0	0	0	0	0	0	0	0	0	0	0	0	24	75
658	1002600	<Dialry>	1	<일기책>	1	8	51	35	65	0	0	0	2100	0	0	101200	2	0	0	0	0	0	0	0	0	0	0	0	17	50
659	1002700	<ChestBox>	1	<체스트 박스>	1	0	0	0	30	0	0	0	2436	0	0	0	0	0	0	0	0	0	0	0	0	0	0	0	24	75
660	1002800	<Trunk>	1	<트렁크>	1	0	0	0	30	0	0	0	6244	0	0	0	0	0	0	0	0	0	0	0	0	0	0	0	24	75
661	1002900	<Coins>	1	<동전>	1	0	0	0	30	0	0	0	0	0	0	0	0	0	0	0	0	0	0	0	0	0	0	0	24	75
662	1003000	<Coins>	1	<동전뭉치>	1	0	0	0	30	0	0	0	0	0	0	0	0	0	0	0	0	0	0	0	0	0	0	0	24	75
663	1003100	<Cup with Milk>	1	<우유담긴 컵>	1	0	0	0	30	0	0	0	188	0	0	0	0	0	0	0	0	0	0	0	0	0	0	0	24	75
664	1003200	<Bomb>	1	<폭탄>	1	0	0	0	30	0	0	0	48	0	0	0	0	0	0	0	0	0	0	0	0	0	0	0	24	75
665	1003300	<Trap>	1	<덫>	1	0	0	0	30	0	0	0	48	0	0	0	0	0	0	0	0	0	0	0	0	0	0	0	24	75
666	1003400	<Round Plate>	1	<쟁반>	0	8	52	5	35	0	0	0	0	0	0	101000	1	0	0	0	0	0	0	0	0	0	0	0	20	80
667	1003500	<Tri Flask>	1	<삼각 플라스크>	0	8	52	5	35	0	0	0	0	0	0	101000	1	0	0	0	0	0	0	0	0	0	0	0	20	80
668	1003600	Premium Clothe	1	프리미엄 클로스	1	6	45	80	110	0	0	0	68708	58	0	1001300	1	1000800	1	0	0	0	0	0	0	0	0	0	16	30
669	1003700	<Animal Skin>	1	<동물가즉>	1	0	0	0	30	0	0	0	12	0	0	0	0	0	0	0	0	0	0	0	0	0	0	0	24	75
670	1003800	<Coin>	1	<동전>	1	0	0	0	30	0	0	0	0	0	0	0	0	0	0	0	0	0	0	0	0	0	0	0	24	75
671	1003900	Small Candle                       	1	작은 양초                         	0	9	53	5	35	0	0	0	0	0	0	1004100	1	0	0	0	0	0	0	0	0	0	0	0	20	75
672	1004000	Candle                       	1	양초                         	1	0	0	0	30	0	0	0	540	0	0	0	0	0	0	0	0	0	0	0	0	0	0	0	24	75
673	1004100	Beewax                       	1	밀납                         	1	0	0	0	30	0	0	0	48	0	0	0	0	0	0	0	0	0	0	0	0	0	0	0	24	75
674	1004200	Bottle with Poison           	1	독이든병                     	1	0	0	0	30	0	0	0	156	0	0	0	0	0	0	0	0	0	0	0	0	0	0	0	24	75
675	1004300	Key                          	1	열쇠                         	1	0	0	0	30	0	0	0	0	0	0	0	0	0	0	0	0	0	0	0	0	0	0	0	24	75
676	1004400	Whether Kit                  	1	나침반                       	1	0	0	0	30	0	0	0	876	0	0	0	0	0	0	0	0	0	0	0	0	0	0	0	24	75
677	1004500	Disguise Set                 	1	변장도구                     	1	0	0	0	30	0	0	0	540	0	0	0	0	0	0	0	0	0	0	0	0	0	0	0	24	75
678	1004600	Tent                         	1	텐트                         	1	0	0	0	30	0	0	0	2820	0	0	0	0	0	0	0	0	0	0	0	0	0	0	0	24	75
679	1004700	Moonstone Amulet             	1	문스톤 목걸이                	1	0	0	0	30	0	0	0	7464	0	0	0	0	0	0	0	0	0	0	0	0	0	0	0	24	75
680	1004800	Battle letter)                	1	결투서약서                   	1	0	0	0	30	0	0	0	540	0	0	0	0	0	0	0	0	0	0	0	0	0	0	0	24	75
681	1004900	PopBomb                      	1	폭죽                         	1	0	0	0	30	0	0	0	7464	0	0	0	0	0	0	0	0	0	0	0	0	0	0	0	24	75
682	1005000	Midium Candle 	1	보통 양초 	1	9	53	10	40	0	0	0	600	0	0	1004100	5	0	0	0	0	0	0	0	0	0	0	0	20	72
683	1005100	<양초>	1	<양초>	1	0	53	15	45	0	0	0	2260	0	0	0	0	0	0	0	0	0	0	0	0	0	0	0	19	70
684	1005200	<양초>	1	<양초>	1	0	53	20	50	0	0	0	3336	0	0	0	0	0	0	0	0	0	0	0	0	0	0	0	19	67
685	1005300	<양초>	1	<양초>	1	0	53	25	55	0	0	0	4364	0	0	0	0	0	0	0	0	0	0	0	0	0	0	0	18	65
686	1005400	<양초>	1	<양초>	1	0	53	30	60	0	0	0	6244	0	0	0	0	0	0	0	0	0	0	0	0	0	0	0	18	62
687	1005500	Candle of Aroma	1	향기의 초	1	9	53	35	65	0	0	0	1676	0	0	1004100	2	0	0	0	0	0	0	0	0	0	0	0	17	60
688	1005600	Candle of Thought	1	망상의초	1	9	53	65	95	0	0	0	5708	0	0	1004100	2	1003900	1	0	0	0	0	0	0	0	0	0	15	50
689	703900	Stinger Knife	3150	스팅거 나이프	1	2	43	95	125	0	0	0	368076	60	0	103900	1	102100	2	0	0	0	0	0	0	0	0	0	15	22
690	2100	Christ Mas Tree	1	크리스마스 트리 묘목	0	0	22	5	35	0	0	0	0	0	0	0	0	0	0	0	0	0	0	0	0	0	0	0	20	75
691	2200	Hi Snow Man	1	안녕 눈사람	0	0	22	5	35	0	0	0	0	0	0	0	0	0	0	0	0	0	0	0	0	0	0	0	20	75
692	2300	Smile Snow Man	1	웃는 눈사람	0	0	22	5	35	0	0	0	0	0	0	0	0	0	0	0	0	0	0	0	0	0	0	0	20	75
693	1010100	Chair	1	의자	1	4	42	35	65	0	0	0	2100	59	0	101200	2	0	0	0	0	0	0	0	0	0	0	0	17	50
694	1010200	Cushion	1	쿠션	1	6	47	65	95	0	0	0	4680	58	0	1001600	1	1001400	2	0	0	0	0	0	0	0	0	0	15	50
695	1010300	Leather Belt	1	가죽 허리띠	1	6	47	35	65	0	0	0	2000	58	0	1000200	1	0	0	0	0	0	0	0	0	0	0	0	17	55
696	1010400	Table	1	테이블	1	4	42	65	95	0	0	0	4364	59	0	101200	2	100700	1	0	0	0	0	0	0	0	0	0	15	51
697	1010500	Anvil	1	작업 모루	1	2	43	65	95	0	0	0	4776	60	0	100700	1	100600	2	0	0	0	0	0	0	0	0	0	15	50
698	704500	Midium arrow	2250	미디움 애로우	1	7	49	10	40	0	0	0	876	64	0	101200	1	0	0	0	0	0	0	0	0	0	0	0	20	72
699	704600	War arrow	2250	워 애로우	1	7	49	20	50	0	0	0	1552	64	0	103000	1	701300	10	0	0	0	0	0	0	0	0	0	19	67
700	704700	Sharp arrow	2250	샤프 애로우	1	7	49	30	60	0	0	0	2820	64	0	103100	1	701300	20	0	0	0	0	0	0	0	0	0	18	62
701	704800	Wind arrow	2250	윈드 애로우	1	7	49	35	65	0	0	0	5708	64	0	103100	4	701300	10	0	0	0	0	0	0	0	0	0	17	60
702	704900	Arrow of Shark	2700	애로우 오브 샤크	1	7	49	45	75	0	0	0	12756	64	0	104300	1	701300	20	103100	1	0	0	0	0	0	0	0	16	55
703	705000	Arrow of TigerEye 	2700	애로우 오브 타이거아이	1	7	49	55	85	0	0	0	26044	64	0	104300	1	701400	30	103200	2	0	0	0	0	0	0	0	15	50
704	705100	Arrow of Spy	1800	애로우 오브 스파이	1	7	49	65	95	0	0	0	52824	64	0	104400	1	701400	60	0	0	0	0	0	0	0	0	0	15	45
705	705200	Arrow of Hunter	3150	애로우 오브 헌터	1	7	49	75	105	0	0	0	89292	64	0	104400	1	701500	50	103300	2	0	0	0	0	0	0	0	16	33
706	705300	Arrow of Chaser	3150	애로우 오브 체이서	1	7	49	85	115	0	0	0	180136	64	0	104500	1	701500	100	103400	1	0	0	0	0	0	0	0	16	27
707	705400	Arrow of Ghost	3150	애로우 오브 고스트	1	7	49	95	125	0	0	0	323416	64	0	104500	1	701600	50	103500	1	0	0	0	0	0	0	0	15	22
708	103700	Bottom Ore	1	보텀오레	1	2	43	40	70	0	0	0	3992	60	0	100800	1	100900	1	0	0	0	0	0	0	0	0	0	17	75
709	103800	Midium Ore	1	미디움오레	1	2	43	60	90	0	0	0	19936	60	0	103700	1	101300	2	0	0	0	0	0	0	0	0	0	15	65
710	103900	Premidum Ore	1	프리미엄오레	1	2	43	80	110	0	0	0	68708	60	0	103800	1	101800	1	0	0	0	0	0	0	0	0	0	16	55
711	104000	Bottom Board	1	보텀보드	1	4	42	40	70	0	0	0	4364	59	0	103200	1	103100	1	0	0	0	0	0	0	0	0	0	17	75
712	104100	Midium Board	1	미디움보드	1	4	42	60	90	0	0	0	19936	59	0	104000	1	103300	1	0	0	0	0	0	0	0	0	0	15	65
713	104200	Premidum Board	1	프리미엄보드	1	4	42	80	110	0	0	0	68708	59	0	104100	1	103400	1	0	0	0	0	0	0	0	0	0	16	56
714	104300	Bottom Whirl	1	보텀휠	1	7	48	40	70	0	0	0	4364	64	0	103200	1	103100	1	0	0	0	0	0	0	0	0	0	17	75
715	104400	Midium Whirl	1	미디움휠	1	7	48	60	90	0	0	0	19936	64	0	104300	1	103300	1	0	0	0	0	0	0	0	0	0	15	65
716	104500	Premidum Whirl	1	프리미엄휠	1	7	48	80	110	0	0	0	68708	64	0	104400	1	103400	1	0	0	0	0	0	0	0	0	0	16	55
