  1        0      0      0      0    143     58     14     13     16      7     17      0       
  2        0     49      0      0      0      2      0    247    502     20      0      0       
  3      102      0      0      0      0      0      0      0     21      0     70     47       
  4        0      0      0      0      0      2      0      0      0      0      0      0       
  5        0      0      0      0      0      0      0      0      0      0     21      0       
  6        0      0      0      0      3     79      0      0      0      0      0      0       
  7        5      0      0      0      0      0      0      0      0      0     95      0       
  8        0      0      0      0     62      0      0      0      0      0      0      0       
  9        0      0    223      0     45      0      0     45      0    124     11      0       
 10        0      0      0      5      6      0      0     22      0     12      0     17       
 11        0      0      0      0      0      0    525    827      0      0      0      0       
 12        0      0      0      0      0      0     47      5      0      0      0      0       
 13       10     16      0      0    193      0     13    600     23      0     11      0       
 14        0      0      0      0      0      0    156      0      0     77      0      7       
 15        0      1      0      0      6    105     61      0      0      3      0      0       
 16        0      0      0      0      0    373    476     46      0      0      0      0       
 17        0      0      0      0      0      9     24     55     18      0      0     11       
 18        0     16    108      0    115     24    145     85      0      0      0    168       
 19        0      0     58      0     72      0    188      0      0      0      0     37       
 20        0      0      0      1      0      0      5     70    116      0      0      0       
 21        0      0      0      0      0      0     62      0    314    445      0      0       
 22        0      0     16      0      0      0     16    156      0      0      0      0       
 23        0      0     20      0      0      9     60     10      0      0      0      0       
 24        0      0      0     18      0     70   1478      0      0      0    166      0       
 25        0      0      0     10      0     42     25      0      0      0      0      0       
 26        0      0      0    135     64      0    188     57      0     95      0      0       
 27        0      1      0     37      0      0      3    467      0     13      0      0       
 28        0      0      0      0      0    396      5    844      0      0      2      0       
 29        0      0      0      0      0      2     27    154      0      0      0      0       
 30        0      0     18      0      6      0      0      0      0      0      0     14       
  1       18      0      0      0      0     51      0      2      0      0     57      0       
  2      153     72      0      0     36    524      0     27      0      0    207      0       
  3        0      0      0      0     14     39      0    348      0      0     21      4       
  4        0      0     49      0      0      0      0    293      0      0     13      0       
  5        0      0      3      0      0      4     28      0    456      0      0      0       
  6        0      0      0    152      0      0     49      0     16      0      0      0       
  7       41      0      0     37      0    439      0    777      0      1     55      0       
  8        0      0      0      0      0      0      7     11      0      0      0      0       
  9        0      0      0      1      0      0      0     38      0      0    109      0       
 10        0    167     33      1     12      0    337    580      0      0      0      3       
 11        0    113      0      0     53      0    613      0      0      0      0      0       
 12        9      0      0      0      0      0      0      0      0      0     11      0       
 13        0      5      0      0      0      0      0      0      0      0      0      0       
 14        0      2      0      0      0     43      0      0      0      0      0      0       
 15        0      0      0      0      0     83    417    495      0      6      0      7       
 16      191      0      0      0      0      0    292    635      0     17      5      0       
 17        0      0     12      0     35      0      0      0      0      0      0      0       
 18        0      0      0      0      0      0      0      0      0    164     46      0       
 19        0      0     89      0      0      3      0      0      0      0      0      0       
 20        0      0      0      0      0    104      0    150      0      0      0      0       
 21        0      0      0    327      0      0    868      0    124      0      0      0       
 22        0      0     51     10    207      0     92      0      0      0      0     12       
 23       40      0      7      0    227      0      8      0      0      0      0      0       
 24        0      0     92      0      0     13      0    224      0      0      0      0       
 25        0      0      2     24    631      0      0     13     15      0      0      0       
 26        0      0      0      0     51      0    575      0      0      0      0      0       
 27        0      0      0      0      0      0   2946    110      0      0    114      0       
 28        0      3      0      0      0      0      8     11      0      0     30      0       
 29        0      0      0      0      0      0    135    519      0     23      0      0       
 30        0      0      4      1      0      0    135    877      0      8      0      0       
  1        5      1      0      0     15    542      0      0      0      0     36      0       
  2        0      0      0      0      0     11    235      0      0      0      0      0       
  3        0      0      0      0     10      0      1      0      0      0      0      0       
  4        0     43      0      0      0     11      0      0      0      0      0      0       
  5        0      0      0      0      0      0     17      0     20     76      0      0       
  6        0      0     12      0      0      0     22      0      0      0      0      0       
  7        3      0      0      0    122      0    118      0      0      0      0      0       
  8        1      0     13      0      0     37     23      0      0      0      0     63       
  9        0      0      0      0      0      0   1016      0      0      0      0      0       
 10        0      0      0      0      0      0      0      0      2      0      0      2       
 11        0      0    279      7      0      0      0      0    206      0      0     36       
 12        0      1      0    236      0      0    522      0      0      0      0      0       
 13        0      0      0      0      0      0    140      0      0      0      0      0       
 14        0      0      2      0      2      0    446      0      0      0      0      0       
 15        0      0      0      0      0      0     10      0      0      0     48      0       
 16        0      0      0      0      0    110    151     32     68      0    103      0       
 17        0      0      0     17      0      0     58    345      0      0      0      0       
 18        0      0      0    270      0      0      0     65      0      0      0      0       
 19        0      0      0     65      0     26    140      0     81      0      0     16       
 20        0      0      0      0      0      0    375     91      0      0      8      0       
 21       11      0      4      0      8      0     42     83      0      0      0      0       
 22        7      0      3      0    219      0    367      0      0      0     16      0       
 23        0      0      0      0      0      0    138      0      0      0      0      0       
 24        0      0      0      0      0      0      0      0      0      8      0      0       
 25        1      0      0      0      0      0      0      0     20      0      0      0       
 26        0      0      0      0      0      0      0      0      0      0      0      0       
 27        0      0      0      0     38      0      2    116      0      0      0      2       
 28        1      0      0      0      0      0      0     23      0      0      0      0       
 29        1      0      0      0      0      0      0     45      0      0      0      0       
 30        3      0      0     10     14      0      0     13      0      0      0      0       
  1        0      0      0     39      0      0    125      0      4      0      9      0       
  2        0      0     56      0      0      0      0     12      0      0      0      0       
  3        0      0    893      0      0      0      0      0      0      0      0      0       
  4        0      0      0      0      0     85      0      0      0      0    625      0       
  5        0      0      0      0      0    480      0      0      0     37    462      0       
  6        0      0      0      0      0      0      0      0      0      0     88      0       
  7       43      0      0      0      0      0      0      0      0      0    100     21       
  8       27     27      0      0     20    485    219      0     15      0     61      0       
  9       22      0      0      0      2     63     15      0      0      0      0      0       
 10       14      0      0      0     64      0      0      0      0      0      0      0       
 11      128      0      0      0    190      0    518    779      0     17      0      0       
 12        0      0      0      0      0      0      0    678     20    120      1      0       
 13        3      0      0      0     92      0      0     23      0      0      0      6       
 14        0      0      0      0     37    435      0      0     85      0      0     15       
 15        0      0      0      0      0      5     15      0     55      0      0      0       
 16        0      0      5     20      0      0    239      0     14     68      0      0       
 17        0      3      0     40      0     12      0      0    645      0     66      0       
 18       42      0      0      0      0    157      0      0      0      0      4      0       
 19       17      0      0      0      0      0      0      0      0    161      0      0       
 20       44      0      0      0      0      0    343    515      0      0      0      1       
 21        0      0      0      0      0      0    101    490      0      0      0      3       
 22        8      0      0      8      0      0      0     22      0      0      0      0       
 23       68     29      5      0      0      0      0     95      0      0      0     46       
 24        0     20     28      0      0      0     19      0      8      0      0     31       
 25        0    112      0      0      6      0   1031      0      0      0      0      0       
 26       30      0      0     35      0      0      0      0      0      0      0      0       
 27        0      1      6     37      0     47    433     97    164      0    129      0       
 28        0    135      0      0      0      0    211      0      2      4      0      0       
 29        0      0      0      0      0      0    117    428      0      0      0      1       
 30        0      0    135      0      0      2     49    155      0    292      0      0       
  1        0     89      0      0    131      3      0      0    478      0      0    150       
  2        1      0      0      0     95      0    141      0    105      0      0      0       
  3        0      0      0      0     93      0     40      0      3      0      0      0       
  4        0      0      0      0     10      0      5      0    188      0      0      0       
  5       32      0      0      0      0      0      0      0      0      0     55      0       
  6        0      0      0      0      0      0     17      0      0      0    177      0       
  7        0      0      0    153     98      0    200      0      0      0      0      0       
  8        0      0      0      0      0    397     74    225     22      0      0      0       
  9       39      0      0      0      0     52      0    273   1187      0     27      0       
 10      167    144      0      0     65      0     22     66   1200      0      0      0       
 11        0     14    301      0     95      0    390      0   2475      0      0      0       
 12        0      0    117    532      0      6     94      0      0      0      0      0       
 13        0      0      0     40    195      0      4      0      0      0      0     19       
 14        0      0     39     64      1      0    330    234      2      0      0     18       
 15        0     54      0      5      0    114     36      0      0      0      0      0       
 16        0      0      0      0      0      4    314     35      0      0      0      0       
 17        0      0     67      0     75      0    558    159      1      0      0      1       
 18       30    223      0      0     97    492   1110      5      0      0     37      0       
 19        0     69      0      0      7    524      5     56      0      0    226      0       
 20        0      0      0      0     16    187    232    268      0      0      7      0       
 21       41      0      0      0      0    978    102    885      0      0      0      5       
 22       13    100      0     41      0      0      8     53      0      0      0      9       
 23        0     33     64     37      0     38     76     10     40      0      0      0       
 24        0      2     20      0     25   1007    735      0      0      0      0      0       
 25        0      0      0      0      0    817    242      0      0      0     31     57       
 26        0      0      0      0      0    236    130      0      0      0      0      0       
 27        0      0      9      0      0     14      0      0      0      0      0      0       
 28        2      0    228     70      0      1      0      0      0      0      0      0       
 29       98      0     73      0      0    102      0      0      0      0      0      0       
 30      119      0      5      0    225      0      0    566      0      0      0      0       
  1        5      0      0      0      0      0    177      4      0      0      0      0       
  2        0      0      0      0      0     27      0    437      0      0      0      2       
  3       17      0      0      0      0      6      0      0     54      0      0      0       
  4        0     15      0      0      0      0     17     11    518     10      0      0       
  5        0      0      0      0      0      0      0      0    387      0      0      0       
  6        0      0      0      0     79      0      0     79    322      0      0      0       
  7        4     43      0      0     26      0    440      0      0      0    163      0       
  8        0      0    374      0     21      0      0      0      0      0      0      0       
  9        0      0     10      0      0     73      2      0      0      0     68      0       
 10        0     16     65      0      0      0      0      0      0      0      0     44       
 11        0      1      5      0      0    266      0      0      0      0      0      0       
 12        0      0      0    121      0     24      0      0      0      0      0      0       
 13        0      0      0     55      0      0      0      0      0      0      0      0       
 14        0      0      0      0      0      0      0      0      0      0      0      0       
 15        0    129      0      0      0      0    422      0      0      0      0      0       
 16       13      0     19      0      1      0    127      0      0    138      5      0       
 17        0      0      0    142      0      0     17      0      0     32      0    120       
 18        0      0      0    134      0      0     10      0      0      0      0      0       
 19        0      0      0      0      0      0    667      0      0      0    112      0       
 20        0     23      7      0      0      7    490      0     52      0      0      0       
 21        0      9      0      0      0      0    398      0     13      0      0      0       
 22       16      1      0      0      0      0     33      0      0      0      0      0       
 23        0      0      0      0      0     70    307    143      0      0      2      7       
 24       89      0      0      0     40      0    177      8      0     57      0      0       
 25        0      0      0      0    266      0   1402      0      0     36      0    101       
 26        0      0     68      0    399      3      0      0    116      0      0     32       
 27        0     25     96      0      0      0      0      0    290      0      0     88       
 28        0     22      0      1      0      0     59      0      0      0      0     35       
 29        0      0      0     17      0    342     13      0      0      0      0      0       
 30        0      0     11     15      0      0    120      0      0      0      0      0       


