  1      -61  -122      -23   -95       14   -50       141    26       154   105       249   178      248   183      328   249      310   189       190   136       142    60        89    22  
  2      -56  -130        1   -80       39   -54       178    51       207    85       265   181      257   170      313   245      214   171       191   119       144    24        88    -4  
  3        2   -71      -58  -125       90   -22       174    66       250   108       271   177      247   154      321   228      282   198       228   124       132    51        57    24  
  4      -32  -165      -38  -127       87   -25       176    70       265   134       240   169      238   167      288   213      266   211       238   133       111    17        46     3  
  5     -136  -192      -44  -105      105     5       144    53       265   133       248   143      237   180      298   217      280   206       220   126       130    36        54   -11  
  6      -59  -169      -40  -120      122     3       114    45       249   127       225   148      278   166      297   217      270   195       235   147       137    51        78     7  
  7      -10   -81      -35  -115      136    -7       136    16       243   120       280   138      299   186      290   211      270   190       239   148       137    44        35   -19  
  8      -44  -112      -11  -103      129    32       179    37       259   134       280   163      315   202      304   194      266   187       218   137        98    16        64   -32  
  9      -68  -123       -9   -80       87     8       220   103       175   100       258   171      279   211      306   218      268   198       174   138        90    56        72   -28  
 10      -74  -137       -6   -91       40   -23       174    74       170    90       288   170      287   209      299   226      272   197       200   128       104    35        82    16  
 11      -65  -145       17   -78       62   -16       121    51       190    94       324   200      233   200      252   203      261   196       188   120        95     5        91   -12  
 12      -32  -131       46   -70       63   -16       137    23       241    87       309   196      271   192      271   204      255   192       196    82       130    29       103    20  
 13      -35   -74       15    -9      103    13       183    42       168   138       260   209      253   207      272   232      235   163       194   100       123    71       132    63  
 14       10  -105       34   -20      151    48       218    53       160   110       252   189      285   199      301   221      256   148       204   107       125    16       105    79  
 15       26   -33       36   -24       80     2       172    61       154   107       211   177      293   215      316   202      258   163       178   114        48   -20        83    16  
 16       13   -36       52   -62       75   -10       136    37       183    91       206   189      255   216      264   234      255   162       176    97        61   -21        86    -6  
 17       38    -4       48   -40      102   -15       175    42       256    88       198   174      251   195      254   223      206   118       146    62        76   -21        89   -11  
 18       71   -26       51    -5       77    16       217    75       238   149       240   176      260   197      247   216      209   138       173    72       111     3        54    21  
 19       57   -31       31   -24       34    11       243    93       225   154       258   167      247   194      295   218      245   110       175    49       103    25        21    -2  
 20       39   -26       21   -31       73     5       161    77       226   128       265   164      271   223      264   217      196   144       138    85        97     7        30   -10  
 21        4   -72       34   -49      117    10       174    50       220   122       296   188      254   216      278   206      176   135       122    92        98     0        54   -30  
 22      -29  -101       44   -38      107    30       190    85       230   125       285   195      280   211      278   193      241   132       165    82        87    25         4   -66  
 23       28   -72        7   -47      114    35       199    65       253   122       279   199      270   214      269   191      245   145       155    48       162    37        37   -42  
 24      -19   -71       12   -73      115    14       201   120       215   149       248   190      233   197      294   195      229   102       162    74       117    50        89    19  
 25      -38  -101       40   -59      125    -1       180   125       272   127       280   205      269   219      305   214      252   115       174    76        50   -27        33   -75  
 26      -54  -117       -8   -89      136    12       157   116       212   168       277   203      286   239      305   229      249   126       141    53         3   -57       -28   -97  
 27      -33  -115      -47   -92      162    23       170    97       256   155       297   211      272   239      236   207      236   126       136    25        29   -56       -30   -64  
 28       39   -44       12   -81      186    55       209    74       255   139       257   200      300   234      232   193      246   133       104    42        48   -24       -25   -78  
 29       52   -59       10   -80      159    63       233    97       273   155       260   198      282   242      247   182      229   137        80     9         6   -46        -8   -78  
 30       55   -37       15   -80      133    53       242   111       275   160       269   177      312   230      276   192      227   126        84    15        50   -36        32   -15   
 31       55   -37       15   -80      133    53       242   111       275   160       269   177      312   230      276   192      227   126        84    15        50   -36        32   -15  






























