  0(                여자):   0   0   0   0 
  1(                남자): 2000   0   0   0 
  2(                들쥐): 2000 600   0   0 
  3(            스콜피온): 2500 800   0   0 
  4(                  뱀): 2100 600   0   0 
  5(                좀비): 2500 600   0   0 
  6(              슬라임): 2300 1000   0   0 
  7(            스켈레톤): 2500 600   0   0 
  8(              고블린): 2700 500   0   0 
  9(           식인 식물): 2400 800   0   0 
 10(              가고일): 2400 600   0   0 
 11(                  곰): 2400 1000   0   0 
 12(                오크): 2400 800   0   0 
 13(                트롤): 2500 800   0   0 
 14(         라이칸 스롭): 2500 600   0   0 
 15(        미노타우르스): 1800 600   0   0 
 16(                발록): 2000 800   0   0 
 17(              타이번): 2200 800   0   0 
 18(            경비대원): 2200 300   0   0 
 19(            경비대원): 2200 300   0   0 
 20(            경비대원): 2200 300   0   0 
 21(       뚱뚱한 아줌마): 2000  20   0   0 
 22(         마을 남자애): 2000  20   0   0 
 23(         마을 여자애): 2000 3000   0   0 
 24(              아저씨): 2000 2500   0   0 
 25(                  말): 2300 2800   0   0 
 26(                  말): 2300 1000   0   0 
 27(                  말): 2300 1000   0   0 
 28(                  닭): 2000 1500   0   0 
 29(                  개): 2000 800   0   0 
 30(                  소): 2000 1500   0   0 
 31(                지네): 2000 1000   0   0 
 32(              넥로즌): 2600 800   0   0 
 33(                늑대): 2000 600   0   0 
 34(              방울뱀): 2100 500   0   0 
 35(              스터지): 2000 1000   0   0 
 36(          거북드래곤): 2000 800   0   0 
 37(            얼음거인): 2500 800   0   0 
 38(            스톤골렘): 2500 1000   0   0 
 39(            하급밴시): 2200 1000   0   0 
 40(          맨스콜피온): 2500 800   0   0 
 41(              와이번): 2500 1000   0   0 
 42(              무지나): 2500 600   0   0 
 43(                하피): 2500 500   0   0 
 44(          수정조각상): 2500 1000   0   0 
 45(              스펙터): 2300 600   0   0 
 46(                유령): 2300 800   0   0 
 47(          도마뱀인간): 2300 800   0   0 
 48(              거인벌): 2300 1000   0   0 
 49(              그리폰): 2200 1000   0   0 
 50(       화이트 드래곤): 3000 1000   0   0 
 51(         블랙 드래곤): 2200 800   0   0 
 52(           물 흰개미): 2400 1000   0   0 
 53(                  양): 2000 1000   0   0 
 54(              독수리): 2800 800   0   0 
 55(                불독): 2500 1000   0   0 
 56(              테페리): 2000 2000   0   0 
 57(          에델브로이): 2000 2500   0   0 
 58(                레티): 2000 2500   0   0 
 59(              화렌차): 2000 2500   0   0 
 60(            시무니안): 2000 2500   0   0 
 61(          카리스누맨): 2200 3000   0   0 
 62(                오크): 2200 800   0   0 
 63(                엘프): 2200 2500   0   0 
 64(                엘프): 2200 2000   0   0 
 65(              드워프): 2000 1000   0   0 
 66(              드워프): 2000 1000   0   0 
 67(              페어리): 2000 100   0   0 
 68(            호비트남): 2000   0   0   0 
 69(            호비트여): 2000   0   0   0 
 70(            디아블로): 2000 1000   0   0 
 71(   은행/마을회관주인): 2000   0   0   0 
 72(       여관/주점주인): 2000   0   0   0 
 73(            빵집주인): 2000   0   0   0 
 74(   대장간/목공소주인): 2000   0   0   0 
 75(          무기점주인): 2000   0   0   0 
 76(     잡화상/농장주인): 2000   0   0   0 
 77(          푸주간주인): 2000   0   0   0 
 78(              초쟁이): 2000   0   0   0 
 79(     연금술/점성술사): 2000   0   0   0 
 80(          무명캐릭터): 2000   0   0   0 
 81(              남전사): 2000   0   0   0 
 82(              남궁수): 2000   0   0   0 
 83(              남도적): 2000   0   0   0 
 84(            남마법사): 2000   0   0   0 
 85(            남성직자): 2000   0   0   0 
 86(              여전사): 2000   0   0   0 
 87(              여궁수): 2000   0   0   0 
 88(              여도적): 2000   0   0   0 
 89(            여마법사): 2000   0   0   0 
 90(            여성직자): 2000   0   0   0 
 91(              개구리): 1800 300   0   0 
 92(          단거리더미): 2000   0   0   0 
 93(          단거리더미): 2000   0   0   0 
 94(          장거리더미): 2000   0   0   0 
 95(          장거리더미): 2000   0   0   0 
 96(                더미): 2000   0   0   0 
 97(              축구공): 2000   0   0   0 
 98(    결계석(바이서스)): 1800 300   0   0 
 99(      결계석(자이펀)): 1800 300   0   0 
100(                여자): 2800   0   0   0 
101(                남자): 2800   0   0   0 
102(                들쥐): 2000 600   0   0 
103(            스콜피온): 2500 800   0   0 
104(                  뱀): 2200 600   0   0 
105(                좀비): 2500 600   0   0 
106(              슬라임): 2300 1000   0   0 
107(            스켈레톤): 2500 600   0   0 
108(              고블린): 2700 500   0   0 
109(           식인 식물): 2000 800   0   0 
110(              가고일): 2500 600   0   0 
111(                  곰): 2400 1000   0   0 
112(                오크): 2000 800   0   0 
113(                트롤): 2000 800   0   0 
114(         라이칸 스롭): 2500 600   0   0 
115(        미노타우르스): 2000 800   0   0 
116(                발록): 2000 800   0   0 
117(              타이번): 2000 800   0   0 
118(            경비대원): 2000 300   0   0 
119(            경비대원): 2000 300   0   0 
120(            경비대원): 2000 300   0   0 
121(       뚱뚱한 아줌마): 2500  20   0   0 
122(         마을 남자애): 2500 2000   0   0 
123(         마을 여자애): 2500 2000   0   0 
124(              아저씨): 2500 2000   0   0 
125(                  말): 2500 1000   0   0 
126(                  말): 2500 1000   0   0 
127(                  말): 2500 1000   0   0 
128(                  닭): 2500 1500   0   0 
129(                  개): 2000 1000   0   0 
130(                  소): 2000 1500   0   0 
131(                지네): 2000 1000   0   0 
132(              넥로즌): 2600 800   0   0 
133(                늑대): 2000 600   0   0 
134(              방울뱀): 2000 500   0   0 
135(              스터지): 2000 1000   0   0 
136(          거북드래곤): 2000 800   0   0 
137(            얼음거인): 2500 800   0   0 
138(            스톤골렘): 2500 800   0   0 
139(            하급밴시): 2500 1000   0   0 
140(          맨스콜피온): 2500 800   0   0 
141(              와이번): 2500 1000   0   0 
142(              무지나): 2500 600   0   0 
143(                하피): 2500 500   0   0 
144(          수정조각상): 2500 1000   0   0 
145(              스펙터): 2500 600   0   0 
146(                유령): 2500 800   0   0 
147(          도마뱀인간): 2500 800   0   0 
148(              거인벌): 2000 600   0   0 
149(              그리폰): 2400 1000   0   0 
150(       화이트 드래곤): 3000 1000   0   0 
151(         블랙 드래곤): 2400 800   0   0 
152(           물 흰개미): 2400 1000   0   0 
153(                  양): 2000 1000   0   0 
154(              독수리): 2800 800   0   0 
155(                불독): 2500 1000   0   0 
156(              테페리): 2000 2500   0   0 
157(          에델브로이): 2500 3500   0   0 
158(                레티): 2500 2500   0   0 
159(              화렌차): 2500 2500   0   0 
160(            시무니안): 2500 2000   0   0 
161(          카리스누맨): 2400 4500   0   0 
162(                오크): 2400 800   0   0 
163(                엘프): 2400 3000   0   0 
164(                엘프): 2400 2500   0   0 
165(              드워프): 2400 1000   0   0 
166(              드워프): 2400 1000   0   0 
167(              페어리): 2400 100   0   0 
168(            호비트남): 2400 2500   0   0 
169(            호비트여): 2000 4000   0   0 
170(            디아블로): 2000 1000   0   0 
171(   은행/마을회관주인): 2000 3000   0   0 
172(       여관/주점주인): 2000 2500   0   0 
173(            빵집주인): 2000 2500   0   0 
174(   대장간/목공소주인): 2000 2500   0   0 
175(          무기점주인): 2000 2500   0   0 
176(     잡화상/농장주인): 2000 2500   0   0 
177(          푸주간주인): 2000 3500   0   0 
178(              초쟁이): 2000 2800   0   0 
179(     연금술/점성술사): 2000 2500   0   0 
180(          무명캐릭터): 2000 2500   0   0 
181(              남전사): 2500 2800   0   0 
182(              남궁수): 2500 2800   0   0 
183(              남도적): 2500 2800   0   0 
184(            남마법사): 2000 2800   0   0 
185(            남성직자): 2400 3000   0   0 
186(              여전사): 2400 3000   0   0 
187(              여궁수): 2400 2500   0   0 
188(              여도적): 2400 2000   0   0 
189(            여마법사): 2000 2500   0   0 
190(            여성직자): 2000 2500   0   0 
191(              개구리): 3000 1500   0   0 
192(          단거리더미): 2000 2500   0   0 
193(          단거리더미): 2300   0   0   0 
194(          장거리더미): 2300   0   0   0 
195(          장거리더미): 2300   0   0   0 
196(                더미): 2000   0   0   0 
197(              축구공): 2800   0   0   0 
198(    결계석(바이서스)): 2800   0   0   0 
199(      결계석(자이펀)): 2000   0   0   0 
200(                여자): 2000   0   0   0 
201(                남자): 2800   0   0   0 
202(                들쥐): 2000 600   0   0 
203(            스콜피온): 2800 800   0   0 
204(                  뱀): 2200 600   0   0 
205(                좀비): 2500 600   0   0 
206(              슬라임): 2300 1000   0   0 
207(            스켈레톤): 2500 600   0   0 
208(              고블린): 2700 500   0   0 
209(           식인 식물): 2000 800   0   0 
210(              가고일): 2000 600   0   0 
211(                  곰): 2400 1000   0   0 
212(                오크): 2000 800   0   0 
213(                트롤): 2500 800   0   0 
214(         라이칸 스롭): 2500 600   0   0 
215(        미노타우르스): 2500 800   0   0 
216(                발록): 2000 800   0   0 
217(              타이번): 2400 800   0   0 
218(            경비대원): 2400 300   0   0 
219(            경비대원): 2400 300   0   0 
220(            경비대원): 2000 300   0   0 
221(       뚱뚱한 아줌마): 2000  20   0   0 
222(         마을 남자애): 2000 2800   0   0 
223(         마을 여자애): 2000 2800   0   0 
224(              아저씨): 2000 2800   0   0 
225(                  말): 2000 2800   0   0 
226(                  말): 2000 1000   0   0 
227(                  말): 2000 1000   0   0 
228(                  닭): 2000 1500   0   0 
229(                  개): 2000 1000   0   0 
230(                  소): 2000 1500   0   0 
231(                지네): 2000 1000   0   0 
232(              넥로즌): 2600 800   0   0 
233(                늑대): 2000 600   0   0 
234(              방울뱀): 2000 500   0   0 
235(              스터지): 2000 1000   0   0 
236(          거북드래곤): 2000 800   0   0 
237(            얼음거인): 2000 800   0   0 
238(            스톤골렘): 2000 800   0   0 
239(            하급밴시): 2000 1000   0   0 
240(          맨스콜피온): 2500 800   0   0 
241(              와이번): 2000 1000   0   0 
242(              무지나): 2000 600   0   0 
243(                하피): 2000 500   0   0 
244(          수정조각상): 2000 1000   0   0 
245(              스펙터): 2400 600   0   0 
246(                유령): 2400 800   0   0 
247(          도마뱀인간): 2400 800   0   0 
248(              거인벌): 2000 600   0   0 
249(              그리폰): 2000 1000   0   0 
250(       화이트 드래곤): 3000 1000   0   0 
251(         블랙 드래곤): 2000 800   0   0 
252(           물 흰개미): 2000 1000   0   0 
253(                  양): 2000 1000   0   0 
254(              독수리): 2800 800   0   0 
255(                불독): 2500 800   0   0 
256(              테페리): 2000 2800   0   0 
257(          에델브로이): 2400 3500   0   0 
258(                레티): 2400 3500   0   0 
259(              화렌차): 2400 3500   0   0 
260(            시무니안): 2400 3500   0   0 
261(          카리스누맨): 2400 3500   0   0 
262(                오크): 2400 800   0   0 
263(                엘프): 2400 3500   0   0 
264(                엘프): 2000 3500   0   0 
265(              드워프): 2000 1000   0   0 
266(              드워프): 2000 1000   0   0 
267(              페어리): 2000 100   0   0 
268(            호비트남): 2000 2500   0   0 
269(            호비트여): 2000 2500   0   0 
270(            디아블로): 2000 1000   0   0 
271(   은행/마을회관주인): 2000 2500   0   0 
272(       여관/주점주인): 2000 2500   0   0 
273(            빵집주인): 2000 2500   0   0 
274(   대장간/목공소주인): 2000 2500   0   0 
275(          무기점주인): 2000 2500   0   0 
276(     잡화상/농장주인): 2000 2500   0   0 
277(          푸주간주인): 2300 2500   0   0 
278(              초쟁이): 2300 2500   0   0 
279(     연금술/점성술사): 2300 2500   0   0 
280(          무명캐릭터): 2300 2500   0   0 
281(              남전사): 2000   0   0   0 
282(              남궁수): 2000   0   0   0 
283(              남도적): 2000   0   0   0 
284(            남마법사): 2000   0   0   0 
285(            남성직자): 2000   0   0   0 
286(              여전사): 2000   0   0   0 
287(              여궁수): 2000   0   0   0 
288(              여도적): 2000   0   0   0 
289(            여마법사): 2000   0   0   0 
290(            여성직자): 2000   0   0   0 
291(              개구리): 2000 1000   0   0 
292(          단거리더미): 2000   0   0   0 
293(          단거리더미): 2000   0   0   0 
294(          장거리더미): 2000   0   0   0 
295(          장거리더미): 2000   0   0   0 
296(                더미): 2000   0   0   0 
297(              축구공): 2000   0   0   0 
298(    결계석(바이서스)): 2000   0   0   0 
299(      결계석(자이펀)): 2000   0   0   0 
300(                여자): 2000   0   0   0 
301(                남자): 2000   0   0   0 
302(                들쥐): 2000 600   0   0 
303(            스콜피온): 2500 800   0   0 
304(                  뱀): 2200 600   0   0 
305(                좀비): 2500 600   0   0 
306(              슬라임): 2300 1000   0   0 
307(            스켈레톤): 2500 600   0   0 
308(              고블린): 2700 500   0   0 
309(           식인 식물): 2000 800   0   0 
310(              가고일): 2000 600   0   0 
311(                  곰): 2400 1000   0   0 
312(                오크): 2000 600   0   0 
313(                트롤): 2000 800   0   0 
314(         라이칸 스롭): 2000 600   0   0 
315(        미노타우르스): 2000 800   0   0 
316(                발록): 2000 800   0   0 
317(              타이번): 2000 800   0   0 
318(            경비대원): 2000 300   0   0 
319(            경비대원): 2000 300   0   0 
320(            경비대원): 2000 300   0   0 
321(       뚱뚱한 아줌마): 2000  20   0   0 
322(         마을 남자애): 2000  20   0   0 
323(         마을 여자애): 2000   0   0   0 
324(              아저씨): 2000   0   0   0 
325(                  말): 2000   0   0   0 
326(                  말): 2000 1000   0   0 
327(                  말): 2000 1000   0   0 
328(                  닭): 2000 1500   0   0 
329(                  개): 2000 1000   0   0 
330(                  소): 2000 1500   0   0 
331(                지네): 2000 1000   0   0 
332(              넥로즌): 2600 800   0   0 
333(                늑대): 2000 600   0   0 
334(              방울뱀): 2000 500   0   0 
335(              스터지): 2000 1000   0   0 
336(          거북드래곤): 2000 800   0   0 
337(            얼음거인): 2000 800   0   0 
338(            스톤골렘): 2000 800   0   0 
339(            하급밴시): 2000 1000   0   0 
340(          맨스콜피온): 2500 800   0   0 
341(              와이번): 2000 1000   0   0 
342(              무지나): 2000 600   0   0 
343(                하피): 2000 500   0   0 
344(          수정조각상): 2000 1000   0   0 
345(              스펙터): 2000 500   0   0 
346(                유령): 2000 800   0   0 
347(          도마뱀인간): 2000 800   0   0 
348(              거인벌): 2000 600   0   0 
349(              그리폰): 2000 1000   0   0 
350(       화이트 드래곤): 2000 1000   0   0 
351(         블랙 드래곤): 2000 800   0   0 
352(           물 흰개미): 2000 1000   0   0 
353(                  양): 2000 1000   0   0 
354(              독수리): 2800 800   0   0 
355(                불독): 2500 600   0   0 
356(              테페리): 2000 1000   0   0 
357(          에델브로이): 2000 1000   0   0 
358(                레티): 2000   0   0   0 
359(              화렌차): 2000   0   0   0 
360(            시무니안): 2000   0   0   0 
361(          카리스누맨): 2000 2800   0   0 
362(                오크): 2000 600   0   0 
363(                엘프): 2000 2800   0   0 
364(                엘프): 2000 2800   0   0 
365(              드워프): 2000 1000   0   0 
366(              드워프): 2000 1000   0   0 
367(              페어리): 2000 100   0   0 
368(            호비트남): 2000 1000   0   0 
369(            호비트여): 2000 1000   0   0 
370(            디아블로): 2000 1000   0   0 
371(   은행/마을회관주인): 2000   0   0   0 
372(       여관/주점주인): 2000   0   0   0 
373(            빵집주인): 2000 1000   0   0 
374(   대장간/목공소주인): 2000 1000   0   0 
375(          무기점주인): 2000 1000   0   0 
376(     잡화상/농장주인): 2000   0   0   0 
377(          푸주간주인): 2000   0   0   0 
378(              초쟁이): 2000   0   0   0 
379(     연금술/점성술사): 2000 1000   0   0 
380(          무명캐릭터): 2000 1000   0   0 
381(              남전사): 2000 1000   0   0 
382(              남궁수): 2000   0   0   0 
383(              남도적): 2000   0   0   0 
384(            남마법사): 2000   0   0   0 
385(            남성직자): 2000 1000   0   0 
386(              여전사): 2000 1000   0   0 
387(              여궁수): 2000 1000   0   0 
388(              여도적): 2000 1000   0   0 
389(            여마법사): 2000 1000   0   0 
390(            여성직자): 2000 1000   0   0 
391(              개구리): 2000 800   0   0 
392(          단거리더미): 2000 1000   0   0 
393(          단거리더미): 2000   0   0   0 
394(          장거리더미): 2000   0   0   0 
395(          장거리더미): 2000   0   0   0 
396(                더미): 2000   0   0   0 
397(              축구공):   0   0   0   0 
398(    결계석(바이서스)):   0   0   0   0 
399(      결계석(자이펀)):   0   0   0   0 
